Roots(1) Roots(2) Roots(3) BOH(i,1) B(i,1) H(i,1) OH(i,1) PH(i,1) FHCl(i,1) FBOH(i,1)
-0.00316728161458912924 0.00315728161459912903 -0.00000000000001000000 0.996842718389 0.003157281611 0.00000000000316728161 0.00315728161459912903 11.499313320635 0.000000000000 1.000000000000
-0.00651472511797005806 0.00151968025257637174 -0.00000000000001010070 0.988510230023 0.006504725111 0.00000000000658033161 0.00151968025257637174 11.181752220083 0.004985044865 0.995014955135
-0.01083523779992271070 0.00090460287929800020 -0.00000000000001020243 0.979254127290 0.010825237789 0.00000000001105457459 0.00090460287929800020 10.956457965746 0.009920634921 0.990079365079
-0.01544575595010231304 0.00062825348219554592 -0.00000000000001030519 0.969756741598 0.015435755934 0.00000000001591714218 0.00062825348219554592 10.798134904418 0.014807502468 0.985192497532
-0.02013353317133548953 0.00047716774894902451 -0.00000000000001040900 0.960230101427 0.020123533150 0.00000000002095699054 0.00047716774894902451 10.678671082679 0.019646365422 0.980353634578
-0.02483096717205521969 0.00038303950833160939 -0.00000000000001051387 0.950741105190 0.024820967146 0.00000000002610696751 0.00038303950833160939 10.583243571268 0.024437927664 0.975562072336
-0.02951194819525940899 0.00031906881783812403 -0.00000000000001061983 0.941315172459 0.029501948164 0.00000000003134120115 0.00031906881783812403 10.503884363258 0.029182879377 0.970817120623
-0.03416476221707085564 0.00027286483082795905 -0.00000000000001072690 0.931963340433 0.034154762180 0.00000000003664818207 0.00027286483082795905 10.435947563660 0.033881897386 0.966118102614
-0.03878361419396569171 0.00023796872191484385 -0.00000000000001083507 0.922690740376 0.038773614152 0.00000000004202232932 0.00023796872191484385 10.376519878097 0.038535645472 0.961464354528
-0.04336547466543640150 0.00021069997704849000 -0.00000000000001094439 0.913499750694 0.043355474618 0.00000000004746084997 0.00021069997704849000 10.323664488300 0.043144774688 0.956855225312
-0.04790873685625154227 0.00018881319214043778 -0.00000000000001105485 0.904391339533 0.047898736803 0.00000000005296240102 0.00018881319214043778 10.276032334632 0.047709923664 0.952290076336
-0.05241258179666394290 0.00017086289828954117 -0.00000000000001116649 0.895365699363 0.052402581738 0.00000000005852645659 0.00017086289828954117 10.232647768880 0.052231718898 0.947768281102
-0.05687665244383758451 0.00015587739658991066 -0.00000000000001127932 0.886422572573 0.056866652380 0.00000000006415298317 0.00015587739658991066 10.192783143746 0.056710775047 0.943289224953
-0.06130087498733857720 0.00014317978509221114 -0.00000000000001139335 0.877561429880 0.061290874918 0.00000000006984226156 0.00014317978509221114 10.155881706222 0.061147695202 0.938852304798
-0.06568535542032044594 0.00013228425928324029 -0.00000000000001150862 0.868781573494 0.065675355345 0.00000000007559478395 0.00013228425928324029 10.121508169863 0.065543071161 0.934456928839
-0.07003031692501895944 0.00012283323444346403 -0.00000000000001162514 0.860082199466 0.070020316844 0.00000000008141119173 0.00012283323444346403 10.089315887836 0.069897483691 0.930102516309
-0.07433606050762357753 0.00011455772470400966 -0.00000000000001174292 0.851462436797 0.074326060420 0.00000000008729223652 0.00011455772470400966 10.059024379280 0.074211502783 0.925788497217
-0.07860293944331016303 0.00010725153935155030 -0.00000000000001186199 0.842921372746 0.078592939350 0.00000000009323875499 0.00010725153935155030 10.030403534210 0.078485687904 0.921514312096
-0.08283134222552369919 0.00010075399024155633 -0.00000000000001198238 0.834458069638 0.082821342126 0.00000000009925165223 0.00010075399024155633 10.003262254868 0.082720588235 0.917279411765
-0.08702168091871725908 0.00009493800930575586 -0.00000000000001210410 0.826071576277 0.087011680813 0.00000000010533189049 0.00009493800930575586 9.977440121035 0.086916742909 0.913083257091
-0.09117438303985134218 0.00008970180124790827 -0.00000000000001222717 0.817760935833 0.091164382928 0.00000000011148048156 0.00008970180124790827 9.952801163938 0.091074681239 0.908925318761
-0.09528988580084915561 0.00008496286341813344 -0.00000000000001235162 0.809525191379 0.095279885683 0.00000000011769848140 0.00008496286341813344 9.929229140575 0.095194922937 0.904805077063
-0.09936863196499368112 0.00008065362565598409 -0.00000000000001247748 0.801363389820 0.099358631841 0.00000000012398698656 0.00008065362565598409 9.906623895184 0.099277978339 0.900722021661
-0.10341106682797192307 0.00007671822061707225 -0.00000000000001260476 0.793274584695 0.103401066698 0.00000000013034713161 0.00007671822061707225 9.884898521363 0.103324348607 0.896675651393
-0.10741763599618395220 0.00007311005701952259 -0.00000000000001273349 0.785257838201 0.107407635859 0.00000000013678008755 0.00007311005701952259 9.863977122617 0.107334525939 0.892665474061
-0.11138878373902325047 0.00006978997233968916 -0.00000000000001286369 0.777312222638 0.111378783596 0.00000000014328706066 0.00006978997233968916 9.843793026199 0.111308993767 0.888691006233
-0.11532495176015117311 0.00006672480980954229 -0.00000000000001299539 0.769436821439 0.115314951610 0.00000000014986929193 0.00006672480980954229 9.824287344561 0.115248226950 0.884751773050
-0.11922657827848182066 0.00006388631026891296 -0.00000000000001312862 0.761630729910 0.119216578122 0.00000000015652805676 0.00006388631026891296 9.805407806333 0.119152691968 0.880847308032
-0.12309409734069008679 0.00006125024052746395 -0.00000000000001326340 0.753893055722 0.123084097177 0.00000000016326466499 0.00006125024052746395 9.787107798499 0.123022847100 0.876977152900
-0.12692793830855647608 0.00005879570139565919 -0.00000000000001339977 0.746222919254 0.126917938138 0.00000000017008046103 0.00005879570139565919 9.769345575593 0.126859142607 0.873140857393
-0.13072852547954089131 0.00005650457363115110 -0.00000000000001353774 0.738619453791 0.130718525303 0.00000000017697682431 0.00005650457363115110 9.752083602198 0.130662020906 0.869337979094
-0.13449627780970380142 0.00005436107077553976 -0.00000000000001367734 0.731081805635 0.134486277626 0.00000000018395516971 0.00005436107077553976 9.735288002647 0.134431916739 0.865568083261
-0.13823160871580947306 0.00005235137558141554 -0.00000000000001381862 0.723609134135 0.138221608525 0.00000000019101694825 0.00005235137558141554 9.718928097659 0.138169257340 0.861830742660
-0.14193492593907536259 0.00005046334235676944 -0.00000000000001396158 0.716200611662 0.141924925741 0.00000000019816364777 0.00005046334235676944 9.702976011917 0.141874462597 0.858125537403
-0.14560663145716284950 0.00004868625169746659 -0.00000000000001410628 0.708855423543 0.145596631252 0.00000000020539679378 0.00004868625169746659 9.687406339964 0.145547945205 0.854452054795
-0.14924712143408583320 0.00004701060716059697 -0.00000000000001425273 0.701572767952 0.149237121221 0.00000000021271795035 0.00004701060716059697 9.672195860310 0.149190110827 0.850809889173
-0.15285678620002687844 0.00004542796574584468 -0.00000000000001440098 0.694351855786 0.152846785980 0.00000000022012872106 0.00004542796574584468 9.657323289640 0.152801358234 0.847198641766
-0.15643601025479328404 0.00004393079580527747 -0.00000000000001455105 0.687191910514 0.156426010027 0.00000000022763075006 0.00004393079580527747 9.642769070570 0.156382079459 0.843617920541
-0.15998517228998657136 0.00004251235734128174 -0.00000000000001470297 0.680092168013 0.159975172055 0.00000000023522572319 0.00004251235734128174 9.628515187581 0.159932659933 0.840067340067
-0.16350464522598306960 0.00004116660068354205 -0.00000000000001485679 0.673051876392 0.163494644983 0.00000000024291536911 0.00004116660068354205 9.614545006776 0.163453478625 0.836546521375
-0.16699479626062127546 0.00003988808033577717 -0.00000000000001501253 0.666070295810 0.166984796010 0.00000000025070146058 0.00003988808033577717 9.600843135843 0.166944908180 0.833055091820
-0.17045598692711150246 0.00003867188140765994 -0.00000000000001517024 0.659146698286 0.170445986669 0.00000000025858581574 0.00003867188140765994 9.587395301245 0.170407315046 0.829592684954
-0.17388857315917216617 0.00003751355653853706 -0.00000000000001532995 0.652280367505 0.173878572893 0.00000000026657029945 0.00003751355653853706 9.574188240153 0.173841059603 0.826158940397
-0.17729290536178227145 0.00003640907160819576 -0.00000000000001549170 0.645470598623 0.177282905087 0.00000000027465682475 0.00003640907160819576 9.561209605037 0.177246496290 0.822753503710
-0.18066932848624556174 0.00003535475883924464 -0.00000000000001565553 0.638716698069 0.180659328203 0.00000000028284735431 0.00003535475883924464 9.548447879194 0.180623973727 0.819376026273
-0.18401818210850684476 0.00003434727614326931 -0.00000000000001582147 0.632017983350 0.184008181817 0.00000000029114390202 0.00003434727614326931 9.535892301720 0.183973834832 0.816026165168
-0.18733980050985690746 0.00003338357176217701 -0.00000000000001598958 0.625373782852 0.187329800210 0.00000000029954853457 0.00003338357176217701 9.523532800696 0.187296416938 0.812703583062
-0.19063451275932161155 0.00003246085341731551 -0.00000000000001615990 0.618783435643 0.190624512451 0.00000000030806337318 0.00003246085341731551 9.511359933530 0.190592051906 0.809407948094
-0.19390264279715790918 0.00003157656130996706 -0.00000000000001633245 0.612246291284 0.193892642480 0.00000000031669059534 0.00003157656130996706 9.499364833544 0.193861066236 0.806138933764
-0.19714450951898490616 0.00003072834442380899 -0.00000000000001650730 0.605761709632 0.197134509194 0.00000000032543243665 0.00003072834442380899 9.487539162047 0.197103781175 0.802896218825
-0.20036042686016386494 0.00002991403966769955 -0.00000000000001668449 0.599329060654 0.200350426526 0.00000000033429119273 0.00002991403966769955 9.475875065219 0.200320512821 0.799679487179
-0.20355070388010873539 0.00002913165346945552 -0.00000000000001686406 0.592947724236 0.203540703537 0.00000000034326922124 0.00002913165346945552 9.464365135238 0.203511572227 0.796488427773
-0.20671564484626897551 0.00002837934549109764 -0.00000000000001704607 0.586617090005 0.206705644494 0.00000000035236894393 0.00002837934549109764 9.453002375164 0.206677265501 0.793322734499
-0.20985554931757305352 0.00002765541418571088 -0.00000000000001723056 0.580336557141 0.209845548956 0.00000000036159284879 0.00002765541418571088 9.441780167134 0.209817893903 0.790182106097
-0.21297071222715779903 0.00002695828395747124 -0.00000000000001741758 0.574105534201 0.212960711856 0.00000000037094349239 0.00002695828395747124 9.430692243519 0.212933753943 0.787066246057
-0.21606142396424538044 0.00002628649372102997 -0.00000000000001760719 0.567923438946 0.216051423584 0.00000000038042350213 0.00002628649372102997 9.419732660691 0.216025137471 0.783974862529
-0.21912797045505583160 0.00002563868668552489 -0.00000000000001779944 0.561789698167 0.219117970065 0.00000000039003557876 0.00002563868668552489 9.408895775143 0.219092331768 0.780907668232
-0.22217063324266039803 0.00002501360121298414 -0.00000000000001799439 0.555703747516 0.222160632843 0.00000000039978249892 0.00002501360121298414 9.398176221692 0.222135619641 0.777864380359
-0.22518968956570906137 0.00002441006262158443 -0.00000000000001819209 0.549665031341 0.225179689156 0.00000000040966711782 0.00002441006262158443 9.387568893558 0.225155279503 0.774844720497
-0.22818541243597356694 0.00002382697582177231 -0.00000000000001839260 0.543673002524 0.228175412016 0.00000000041969237199 0.00002382697582177231 9.377068924123 0.228151585460 0.771848414540
-0.23115807071466346057 0.00002326331868817239 -0.00000000000001859599 0.537727122319 0.231148070285 0.00000000042986128222 0.00002326331868817239 9.366671670201 0.231124807396 0.768875192604
-0.23410792918748396518 0.00002271813608292465 -0.00000000000001880231 0.531826860201 0.234097928747 0.00000000044017695657 0.00002271813608292465 9.356372696665 0.234075211051 0.765924788949
-0.23703524863841346493 0.00002219053445696717 -0.00000000000001901163 0.525971693708 0.237025248188 0.00000000045064259355 0.00002219053445696717 9.346167762300 0.237003058104 0.762996941896
-0.23994028592218580309 0.00002167967696510284 -0.00000000000001922401 0.520161108294 0.239930285461 0.00000000046126148540 0.00002167967696510284 9.336052806772 0.239908606245 0.760091393755
-0.24282329403546859536 0.00002118477903870121 -0.00000000000001943953 0.514394597180 0.242813293563 0.00000000047203702157 0.00002118477903870121 9.326023938586 0.242792109256 0.757207890744
-0.24568452218673569876 0.00002070510436679101 -0.00000000000001965825 0.508671661214 0.245674521704 0.00000000048297269228 0.00002070510436679101 9.316077423962 0.245653817082 0.754346182918
-0.24852421586483691707 0.00002023996124226270 -0.00000000000001988024 0.502991808726 0.248514215371 0.00000000049407209235 0.00002023996124226270 9.306209676533 0.248493975904 0.751506024096
-0.25134261690626658048 0.00001978869923506373 -0.00000000000002010558 0.497354555392 0.251332616401 0.00000000050533892507 0.00001978869923506373 9.296417247789 0.251312828207 0.748687171793
-0.25413996356114604280 0.00001935070615875023 -0.00000000000002033435 0.491759424101 0.254129963044 0.00000000051677700638 0.00001935070615875023 9.286696818205 0.254110612855 0.745889387145
-0.25691649055792337153 0.00001892540530065517 -0.00000000000002056662 0.486205944818 0.256906490030 0.00000000052839026912 0.00001892540530065517 9.277045188989 0.256887565153 0.743112434847
-0.25967242916681515519 0.00001851225288932923 -0.00000000000002080247 0.480693654459 0.259662428627 0.00000000054018276759 0.00001851225288932923 9.267459274391 0.259643916914 0.740356083086
-0.26240800726199287052 0.00001811073577587729 -0.00000000000002104199 0.475222096764 0.262398006710 0.00000000055215868222 0.00001811073577587729 9.257936094539 0.262379896526 0.737620103474
-0.26512344938254184257 0.00001772036930840835 -0.00000000000002128527 0.469790822169 0.265113448818 0.00000000056432232455 0.00001772036930840835 9.248472768732 0.265095729013 0.734904270987
-0.26781897679220473263 0.00001734069538109249 -0.00000000000002153239 0.464399387688 0.267808976216 0.00000000057667814238 0.00001734069538109249 9.239066509179 0.267791636097 0.732208363903
-0.27049480753792953802 0.00001697128064131888 -0.00000000000002178344 0.459047356794 0.270484806949 0.00000000058923072521 0.00001697128064131888 9.229714615121 0.270467836257 0.729532163743
-0.27315115650724375307 0.00001661171484020660 -0.00000000000002203852 0.453734299302 0.273141155905 0.00000000060198480989 0.00001661171484020660 9.220414467322 0.273124544792 0.726875455208
-0.27578823548447234382 0.00001626160931327314 -0.00000000000002229773 0.448459791255 0.275778234870 0.00000000061494528662 0.00001626160931327314 9.211163522887 0.275761973875 0.724238026125
-0.27840625320582429447 0.00001592059557943412 -0.00000000000002256117 0.443223414812 0.278396252578 0.00000000062811720517 0.00001592059557943412 9.201959310388 0.278380332610 0.721619667390
-0.28100541541336221396 0.00001558832404772106 -0.00000000000002282895 0.438024758139 0.280995414772 0.00000000064150578147 0.00001558832404772106 9.192799425262 0.280979827089 0.719020172911
-0.28358592490788170348 0.00001526446282217743 -0.00000000000002310116 0.432863415302 0.283575924253 0.00000000065511640445 0.00001526446282217743 9.183681525473 0.283560660445 0.716439339555
-0.28614798160072174582 0.00001494869659634682 -0.00000000000002337793 0.427738986164 0.286137980932 0.00000000066895464334 0.00001494869659634682 9.174603327397 0.286123032904 0.713876967096
-0.28869178256452271425 0.00001464072562961477 -0.00000000000002365936 0.422651076280 0.288681781882 0.00000000068302625519 0.00001464072562961477 9.165562601936 0.288667141839 0.711332858161
-0.29121752208295637043 0.00001434026479842026 -0.00000000000002394558 0.417599296796 0.291207521386 0.00000000069733719290 0.00001434026479842026 9.156557170818 0.291193181818 0.708806818182
-0.29372539169945038884 0.00001404704271602523 -0.00000000000002423671 0.412583264356 0.293715390988 0.00000000071189361364 0.00001404704271602523 9.147584903081 0.293701344657 0.706298655343
-0.29621558026492439408 0.00001376080091513224 -0.00000000000002453287 0.407602600998 0.296205579538 0.00000000072670188761 0.00001376080091513224 9.138643711727 0.296191819464 0.703808180536
-0.29868827398456015976 0.00001348129308817647 -0.00000000000002483421 0.402656934066 0.298678273243 0.00000000074176860740 0.00001348129308817647 9.129731550517 0.298664792691 0.701335207309
-0.30114365646362722950 0.00001320828438059978 -0.00000000000002514084 0.397745896114 0.301133655707 0.00000000075710059776 0.00001320828438059978 9.120846410921 0.301120448179 0.698879551821
-0.30358190875238216799 0.00001294155073284614 -0.00000000000002545293 0.392869124819 0.303571907980 0.00000000077270492590 0.00001294155073284614 9.111986319174 0.303558967202 0.696441032798
-0.30600320939006342424 0.00001268087826720397 -0.00000000000002577061 0.388026262887 0.305993208602 0.00000000078858891232 0.00001268087826720397 9.103149333466 0.305980528512 0.694019471488
-0.30840773444799834957 0.00001242606271597020 -0.00000000000002609403 0.383216957971 0.308397733643 0.00000000080476014234 0.00001242606271597020 9.094333541224 0.308385308385 0.691614691615
-0.31079565757184468566 0.00001217690888772288 -0.00000000000002642336 0.378440862586 0.310785656751 0.00000000082122647810 0.00001217690888772288 9.085537056492 0.310773480663 0.689226519337
-0.31316715002298445292 0.00001193323016877254 -0.00000000000002675875 0.373697634022 0.313157149185 0.00000000083799607135 0.00001193323016877254 9.076758017400 0.313145216793 0.686854783207
-0.31552238071908644823 0.00001169484805711636 -0.00000000000002710037 0.368986934265 0.315512379864 0.00000000085507737691 0.00001169484805711636 9.067994583701 0.315500685871 0.684499314129
-0.31786151627385883511 0.00001146159172644989 -0.00000000000002744841 0.364308429916 0.317851515401 0.00000000087247916683 0.00001146159172644989 9.059244934386 0.317840054682 0.682159945318
-0.32018472103600986722 0.00001123329761799874 -0.00000000000002780303 0.359661792116 0.320174720146 0.00000000089021054547 0.00001123329761799874 9.050507265351 0.320163487738 0.679836512262
-0.32249215712742784756 0.00001100980905812102 -0.00000000000002816444 0.355046696462 0.322482156219 0.00000000090828096538 0.00001100980905812102 9.041779787117 0.322471147318 0.677528852682
-0.32478398448060746828 0.00001079097589980221 -0.00000000000002853282 0.350462822941 0.324773983554 0.00000000092670024406 0.00001079097589980221 9.033060722601 0.324763193505 0.675236806495
-0.32706036087533080225 0.00001057665418631883 -0.00000000000002890838 0.345909855849 0.327050359930 0.00000000094547858177 0.00001057665418631883 9.024348304918 0.327039784221 0.672960215779
-0.32932144197462354107 0.00001036670583548790 -0.00000000000002929134 0.341387483721 0.329311441010 0.00000000096462658039 0.00001036670583548790 9.015640775218 0.329301075269 0.670698924731
-0.33156738136000135642 0.00001016099834304726 -0.00000000000002968191 0.336895399262 0.331557380376 0.00000000098415526333 0.00001016099834304726 9.006936380544 0.331547220362 0.668452779638
-0.33379833056602242758 0.00000995940450382793 -0.00000000000003008032 0.332433299276 0.333788329562 0.00000000100407609673 0.00000995940450382793 8.998233371714 0.333778371162 0.666221628838
-0.33601443911416156718 0.00000976180214948571 -0.00000000000003048682 0.328000884598 0.336004438090 0.00000000102440101191 0.00000976180214948571 8.989530001204 0.335994677312 0.664005322688
-0.33821585454601910126 0.00000956807390165632 -0.00000000000003090164 0.323597860027 0.338205853501 0.00000000104514242916 0.00000956807390165632 8.980824521050 0.338196286472 0.661803713528
-0.34040272245588382161 0.00000937810693948564 -0.00000000000003132505 0.319223934261 0.340392721390 0.00000000106631328311 0.00000937810693948564 8.972115180734 0.340383344349 0.659616655651
-0.34257518652265661618 0.00000919179278056839 -0.00000000000003175732 0.314878819835 0.342565185435 0.00000000108792704957 0.00000919179278056839 8.963400225072 0.342555994730 0.657444005270
-0.34473338854115886942 0.00000900902707440113 -0.00000000000003219873 0.310562233055 0.344723387431 0.00000000110999777417 0.00000900902707440113 8.954677892085 0.344714379514 0.655285620486
-0.34687746845283040642 0.00000882970940752382 -0.00000000000003264957 0.306273893936 0.346867467320 0.00000000113254010279 0.00000882970940752382 8.945946410850 0.346858638743 0.653141361257
-0.34900756437583269065 0.00000865374311958500 -0.00000000000003311015 0.302013526147 0.348997563220 0.00000000115556931397 0.00000865374311958500 8.937203999321 0.348988910633 0.651011089367
-0.35112381263457592695 0.00000848103512962336 -0.00000000000003358079 0.297780856945 0.351113811456 0.00000000117910135345 0.00000848103512962336 8.928448862121 0.351105331599 0.648894668401
-0.35322634778867384453 0.00000831149577190931 -0.00000000000003406181 0.293575617122 0.353216346586 0.00000000120315287097 0.00000831149577190931 8.919679188288 0.353208036293 0.646791963707
-0.35531530266134508933 0.00000814503864073850 -0.00000000000003455357 0.289397540944 0.355305301434 0.00000000122774125957 0.00000814503864073850 8.910893148978 0.355297157623 0.644702842377
-0.35739080836727288304 0.00000798158044361305 -0.00000000000003505643 0.285246366099 0.357380807114 0.00000000125288469754 0.00000798158044361305 8.902088895108 0.357372826787 0.642627173213
-0.35945299433992816684 0.00000782104086228622 -0.00000000000003557078 0.281121833640 0.359442993061 0.00000000127860219325 0.00000782104086228622 8.893264554935 0.359435173299 0.640564826701
-0.36150198835838009970 0.00000766334242118352 -0.00000000000003609700 0.277023687931 0.361491987054 0.00000000130491363303 0.00000766334242118352 8.884418231574 0.361484325016 0.638515674984
-0.36353791657359146861 0.00000750841036274757 -0.00000000000003663551 0.272951676595 0.363527915242 0.00000000133183983252 0.00000750841036274757 8.875548000418 0.363520408163 0.636479591837
-0.36556090353422132644 0.00000735617252928534 -0.00000000000003718676 0.268905550463 0.365550902175 0.00000000135940259152 0.00000735617252928534 8.866651906487 0.365543547362 0.634456452638
-0.36757107221193824342 0.00000720655925092531 -0.00000000000003775120 0.264885063523 0.367561070824 0.00000000138762475292 0.00000720655925092531 8.857727961668 0.367553865653 0.632446134347
-0.36956854402625849421 0.00000705950323931928 -0.00000000000003832930 0.260889972867 0.369558542610 0.00000000141653026580 0.00000705950323931928 8.848774141843 0.369551484523 0.630448515477
-0.37155343886891900596 0.00000691493948674815 -0.00000000000003892157 0.256920038648 0.371543437423 0.00000000144614425320 0.00000691493948674815 8.839788383912 0.371536523929 0.628463476071
-0.37352587512779233947 0.00000677280517031361 -0.00000000000003952854 0.252975024026 0.373515873651 0.00000000147649308500 0.00000677280517031361 8.830768582668 0.373509102323 0.626490897677
-0.37548596971035924641 0.00000663303956091943 -0.00000000000004015075 0.249054695126 0.375475968203 0.00000000150760445617 0.00000663303956091943 8.821712587535 0.375469336671 0.624530663329
-0.37743383806674057901 0.00000649558393676509 -0.00000000000004078880 0.245158820990 0.377423836527 0.00000000153950747113 0.00000649558393676509 8.812618199153 0.377417342483 0.622582657517
-0.37936959421230553868 0.00000636038150109311 -0.00000000000004144330 0.241287173529 0.379359592640 0.00000000157223273451 0.00000636038150109311 8.803483165782 0.379353233831 0.620646766169
-0.38129335074985937215 0.00000622737730394787 -0.00000000000004211488 0.237439527483 0.381283349144 0.00000000160581244911 0.00000622737730394787 8.794305179526 0.381277123373 0.618722876627
-0.38320521889142539207 0.00000609651816771959 -0.00000000000004280423 0.233615660376 0.383195217251 0.00000000164028052159 0.00000609651816771959 8.785081872344 0.383189122373 0.616810877627
-0.38510530847962154422 0.00000596775261626161 -0.00000000000004351206 0.229815352469 0.385095306804 0.00000000167567267664 0.00000596775261626161 8.775810811847 0.385089340727 0.614910659273
-0.38699372800865011746 0.00000584103080738234 -0.00000000000004423913 0.226038386725 0.386983726297 0.00000000171202658054 0.00000584103080738234 8.766489496848 0.386977886978 0.613022113022
-0.38887058464490098508 0.00000571630446852611 -0.00000000000004498623 0.222284548764 0.388860582896 0.00000000174938197485 0.00000571630446852611 8.757115352638 0.388854868340 0.611145131660
-0.39073598424718042343 0.00000559352683546834 -0.00000000000004575419 0.218553626820 0.390725982459 0.00000000178778082132 0.00000559352683546834 8.747685725990 0.390720390720 0.609279609280
-0.39259003138657028176 0.00000547265259386169 -0.00000000000004654391 0.214845411707 0.392580029559 0.00000000182726745915 0.00000547265259386169 8.738197879833 0.392574558734 0.607425441266
-0.39443282936593143662 0.00000535363782347960 -0.00000000000004735632 0.211159696774 0.394422827498 0.00000000186788877577 0.00000535363782347960 8.728648987586 0.394417475728 0.605582524272
-0.39626448023904997653 0.00000523643994501314 -0.00000000000004819242 0.207496277871 0.396254478329 0.00000000190969439257 0.00000523643994501314 8.719036127120 0.396249243799 0.603750756201
-0.39808508482944160445 0.00000512101766928575 -0.00000000000004905325 0.203854953311 0.398075082877 0.00000000195273686712 0.00000512101766928575 8.709356274303 0.398069963812 0.601930036188
-0.39989474274881808835 0.00000500733094875876 -0.00000000000004993994 0.200235523830 0.399884740752 0.00000000199707191363 0.00000500733094875876 8.699606296106 0.399879735418 0.600120264582
-0.40169355241522081146 0.00000489534093120788 -0.00000000000005085366 0.196637792553 0.401683550373 0.00000000204275864348 0.00000489534093120788 8.689782943205 0.401678657074 0.598321342926
-0.40348161107083202470 0.00000478500991545821 -0.00000000000005179566 0.193061564958 0.403471608981 0.00000000208985982823 0.00000478500991545821 8.679882842055 0.403466826061 0.596533173939
-0.40525901479946840889 0.00000467630130907187 -0.00000000000005276729 0.189506648841 0.405249012661 0.00000000213844218733 0.00000467630130907187 8.669902486376 0.405244338498 0.594755661502
-0.40702585854376449603 0.00000456917958788838 -0.00000000000005376997 0.185972854281 0.407015856355 0.00000000218857670346 0.00000456917958788838 8.659838227983 0.407011289364 0.592988710636
-0.40878223612205094595 0.00000446361025732388 -0.00000000000005480519 0.182459993606 0.408772233882 0.00000000224033896857 0.00000446361025732388 8.649686266915 0.408767772512 0.591232227488
-0.41052824024493367316 0.00000435955981534075 -0.00000000000005587459 0.178967881364 0.410518237951 0.00000000229380956417 0.00000435955981534075 8.639442640778 0.410513880685 0.589486119315
-0.41226396253158464900 0.00000425699571700389 -0.00000000000005697986 0.175496334282 0.412253960183 0.00000000234907447993 0.00000425699571700389 8.629103213230 0.412249705536 0.587750294464
-0.41398949352574232474 0.00000415588634054511 -0.00000000000005812287 0.172045171241 0.413979491120 0.00000000240622557514 0.00000415588634054511 8.618663661515 0.413975337639 0.586024662361
-0.41570492271143433261 0.00000405620095486114 -0.00000000000005930555 0.168614213243 0.415694920246 0.00000000246536108819 0.00000405620095486114 8.608119462949 0.415690866511 0.584309133489
-0.41741033852842512886 0.00000395790968837531 -0.00000000000006053003 0.165203283379 0.417400336002 0.00000000252658620013 0.00000395790968837531 8.597465880247 0.417396380619 0.582603619381
-0.41910582838739535161 0.00000386098349919631 -0.00000000000006179856 0.161812206799 0.419095825797 0.00000000259001365898 0.00000386098349919631 8.586697945570 0.419091967404 0.580908032596
-0.42079147868485533568 0.00000376539414651173 -0.00000000000006311355 0.158440810680 0.420781476029 0.00000000265576447270 0.00000376539414651173 8.575810443139 0.420777713291 0.579222286709
-0.42246737481780244350 0.00000367111416315696 -0.00000000000006447761 0.155088924202 0.422457372094 0.00000000272396867969 0.00000367111416315696 8.564797890268 0.422453703704 0.577546296296
-0.42413360119812493210 0.00000357811682930369 -0.00000000000006589353 0.151756378515 0.424123598403 0.00000000279476620721 0.00000357811682930369 8.553654516638 0.424120023081 0.575879976919
-0.42579024126675873996 0.00000348637614721480 -0.00000000000006736434 0.148443006711 0.425780238399 0.00000000286830782960 0.00000348637614721480 8.542374241594 0.425776754891 0.574223245109
-0.42743737750759736027 0.00000339586681701590 -0.00000000000006889328 0.145148643796 0.427427374563 0.00000000294475624011 0.00000339586681701590 8.530950649249 0.427423981641 0.572576018359
-0.42907509146116840082 0.00000330656421343567 -0.00000000000007048387 0.141873126666 0.429065088437 0.00000000302428725242 0.00000330656421343567 8.519376961115 0.429061784897 0.570938215103
-0.43070346373807349982 0.00000321844436347053 -0.00000000000007213992 0.138616294075 0.430693460631 0.00000000310709115046 0.00000321844436347053 8.507646005978 0.430690245294 0.569309754706
-0.43232257403220142322 0.00000313148392493070 -0.00000000000007386554 0.135377986613 0.432312570839 0.00000000319337420843 0.00000313148392493070 8.495750186648 0.432309442548 0.567690557452
-0.43393250113371467647 0.00000304566016582757 -0.00000000000007566523 0.132158046676 0.433922497850 0.00000000328336040646 0.00000304566016582757 8.483681443209 0.433919455474 0.566080544526
-0.43553332294181723583 0.00000296095094456407 -0.00000000000007754386 0.128956318444 0.435523319565 0.00000000337729337204 0.00000296095094456407 8.471431212293 0.435520361991 0.564479638009
-0.43712511647730734055 0.00000287733469089171 -0.00000000000007950672 0.125772647855 0.437115113002 0.00000000347543858268 0.00000287733469089171 8.458990381860 0.437112239143 0.562887760857
-0.43870795789491795480 0.00000279479038760011 -0.00000000000008155963 0.122606882578 0.438697954317 0.00000000357808587162 0.00000279479038760011 8.446349240873 0.438695163105 0.561304836895
-0.44028192249545033965 0.00000271329755290605 -0.00000000000008370892 0.119458871992 0.440271918810 0.00000000368555228648 0.00000271329755290605 8.433497423138 0.440269209198 0.559730790802
-0.44184708473770362147 0.00000263283622351133 -0.00000000000008596153 0.116328467159 0.441837080940 0.00000000379818536022 0.00000263283622351133 8.420423844508 0.441834451902 0.558165548098
-0.44340351825020768439 0.00000255338693829989 -0.00000000000008832512 0.113215520803 0.443393514334 0.00000000391636686552 0.00000255338693829989 8.407116632444 0.443390964863 0.556609035137
-0.44495129584275661117 0.00000247493072264615 -0.00000000000009080808 0.110119887286 0.444941291802 0.00000000404051713791 0.00000247493072264615 8.393563046828 0.444938820912 0.555061179088
-0.44649048951775399674 0.00000239744907330826 -0.00000000000009341968 0.107041422584 0.446480485347 0.00000000417110007104 0.00000239744907330826 8.379749390643 0.446478092069 0.553521907931
-0.44802117048136963495 0.00000232092394388060 -0.00000000000009617021 0.103979984270 0.448011166173 0.00000000430862890892 0.00000232092394388060 8.365660908963 0.448008849558 0.551991150442
-0.44954340915451002081 0.00000224533773078189 -0.00000000000009907103 0.100935431482 0.449533404701 0.00000000445367298777 0.00000224533773078189 8.351281674330 0.449531163817 0.550468836183
-0.45105727518360860806 0.00000217067325975589 -0.00000000000010213483 0.097907624913 0.451047270577 0.00000000460686561418 0.00000217067325975589 8.336594456267 0.451045104510 0.548954895490
-0.45256283745124292750 0.00000209691377286285 -0.00000000000010537572 0.094896426780 0.452552832682 0.00000000476891330937 0.00000209691377286285 8.321580572220 0.452550740538 0.547449259462
-0.45406016408657073891 0.00000202404291594131 -0.00000000000010880952 0.091901700810 0.454050159146 0.00000000494060670416 0.00000202404291594131 8.306219716645 0.454048140044 0.545951859956
-0.45554932247560142589 0.00000195204472652024 -0.00000000000011245398 0.088923312216 0.455539317353 0.00000000512283343929 0.00000195204472652024 8.290489764283 0.455537370431 0.544462629569
-0.45703037927129702700 0.00000188090362216296 -0.00000000000011632911 0.085961127677 0.457020373955 0.00000000531659351504 0.00000188090362216296 8.274366542794 0.457018498368 0.542981501632
-0.45850340040350917592 0.00000181060438922493 -0.00000000000012045751 0.083015015320 0.458493394881 0.00000000552301765063 0.00000181060438922493 8.257823568842 0.458491589799 0.541508410201
-0.45996845108875716868 0.00000174113217200834 -0.00000000000012486485 0.080084844698 0.459958445345 0.00000000574338936513 0.00000174113217200834 8.240831740328 0.459956709957 0.540043290043
-0.46142559583984488203 0.00000167247246229729 -0.00000000000012958041 0.077170486772 0.461415589861 0.00000000597917169067 0.00000167247246229729 8.223358975725 0.461413923368 0.538586076632
-0.46287489847532498066 0.00000160461108925821 -0.00000000000013463767 0.074271813892 0.462864892243 0.00000000623203969295 0.00000160461108925821 8.205369789229 0.462863293864 0.537136706136
-0.46431642212880935849 0.00000153753420969062 -0.00000000000014007517 0.071388699780 0.464306415625 0.00000000650392032709 0.00000153753420969062 8.186824787481 0.464304884595 0.535695115405
-0.46575022925813119867 0.00000147122829861423 -0.00000000000014593748 0.068521019509 0.465740222461 0.00000000679704163482 0.00000147122829861423 8.167680069828 0.465738758030 0.534261241970
-0.46717638165436053965 0.00000140568014017911 -0.00000000000015227640 0.065668649485 0.467166374541 0.00000000711399394084 0.00000140568014017911 8.147886509049 0.467164975974 0.532835024026
-0.46859494045067462409 0.00000134087681888596 -0.00000000000015915252 0.062831467433 0.468584932993 0.00000000745780660770 0.00000134087681888596 8.127388882747 0.468583599574 0.531416400426
-0.47000596613108885924 0.00000127680571110448 -0.00000000000016663714 0.060009352375 0.469995958299 0.00000000783204516790 0.00000127680571110448 8.106124816594 0.469994689326 0.530005310674
-0.47140951853904805580 0.00000121345447687825 -0.00000000000017481479 0.057202184617 0.471399510298 0.00000000824093543725 0.00000121345447687825 8.084023488281 0.471398305085 0.528601694915
-0.47280565688588166440 0.00000115081105200501 -0.00000000000018378638 0.054409845728 0.472795648197 0.00000000868952377767 0.00000115081105200501 8.061004024057 0.472794506075 0.527205493925
-0.47419443975912650702 0.00000108886364038207 -0.00000000000019367343 0.051632218529 0.474184430575 0.00000000918388641987 0.00000108886364038207 8.036973495975 0.474183350896 0.525816649104
-0.47557592513071744733 0.00000102760070660688 -0.00000000000020462361 0.048869187070 0.475565915400 0.00000000973140630958 0.00000102760070660688 8.011824394227 0.475564897530 0.524435102470
-0.47695017036504971930 0.00000096701096882358 -0.00000000000021681813 0.046120636622 0.476940160024 0.00000001034114433279 0.00000096701096882358 7.985431400321 0.476939203354 0.523060796646
-0.47831723222691441277 0.00000090708339180710 -0.00000000000023048186 0.043386453653 0.478307221203 0.00000001102434471882 0.00000090708339180710 7.957647215326 0.478306325144 0.521693674856
-0.47967716688931194557 0.00000084780718027680 -0.00000000000024589736 0.040666525823 0.479667155094 0.00000001179513482858 0.00000084780718027680 7.928297090389 0.479666319082 0.520333680918
-0.48103002994113969182 0.00000078917177243332 -0.00000000000026342456 0.037960741960 0.481020017270 0.00000001267151252656 0.00000078917177243332 7.897171542754 0.481019240770 0.518980759230
-0.48237587639476603441 0.00000073116683371315 -0.00000000000028352929 0.035268992054 0.482365862718 0.00000001367676915707 0.00000073116683371315 7.864016483243 0.482365145228 0.517634854772
-0.48371476069348023907 0.00000067378225075809 -0.00000000000030682525 0.032591167236 0.483704745852 0.00000001484159012611 0.00000067378225075809 7.828519566308 0.483704086912 0.516295913088
-0.48504673671883397068 0.00000061700812560017 -0.00000000000033413774 0.029927159777 0.485036720512 0.00000001620724198773 0.00000061700812560017 7.790290883450 0.485036119711 0.514963880289
-0.48637185779786173967 0.00000056083477006933 -0.00000000000036660352 0.027276863069 0.486361839968 0.00000001783056353436 0.00000056083477006933 7.748834930745 0.486361296963 0.513638703037
-0.48769017671020004068 0.00000050525270044319 -0.00000000000040583299 0.024640171624 0.487680156919 0.00000001979207630405 0.00000050525270044319 7.703508643384 0.487679671458 0.512320328542
-0.48900174569508647604 0.00000045025263238314 -0.00000000000045418557 0.022016981071 0.488991723486 0.00000002220975354896 0.00000045025263238314 7.653456260583 0.488991295443 0.511008704557
-0.49030661645826051354 0.00000039582547625466 -0.00000000000051526246 0.019407188172 0.490296591195 0.00000002526365936478 0.00000039582547625466 7.597503742980 0.490296220633 0.509703779367
-0.49160484017875316631 0.00000034196233305645 -0.00000000000059484741 0.016810690847 0.491594810936 0.00000002924298682437 0.00000034196233305645 7.533978271417 0.491594498217 0.508405501783
-0.49289646751557741888 0.00000028865449151238 -0.00000000000070285538 0.014227388265 0.492886432873 0.00000003464349349842 0.00000028865449151238 7.460378319582 0.492886178862 0.507113821138
-0.49418154861431351499 0.00000023589342785470 -0.00000000000085782289 0.011657181055 0.494171506223 0.00000004239202461444 0.00000023589342785470 7.372715841326 0.494171312722 0.505828687278
-0.49546013311359721198 0.00000018367081323493 -0.00000000000109888219 0.009099971887 0.495450078669 0.00000005444523179199 0.00000018367081323493 7.264040148913 0.495449949444 0.504550050556
-0.49673227015150672736 0.00000013197854890529 -0.00000000000152536675 0.006555667442 0.496722194383 0.00000007576988899292 0.00000013197854890529 7.120503349016 0.496722138174 0.503277861826
-0.49799800837185759228 0.00000008080895004020 -0.00000000000248492297 0.004024187809 0.497987884626 0.00000012374866886682 0.00000008080895004020 6.907459463965 0.497987927565 0.502012072435
-0.49925739593039908382 0.00000003015680993114 -0.00000000000664186576 0.001505569883 0.499247064337 0.00000033160006057782 0.00000003015680993114 6.479385398783 0.499247365780 0.500752634220
-0.50051048050091917485 -0.00000002000956625277 0.00000000000998502484 0.000000498751 0.499499000749 0.00100149976197894250 0.00000000000998502484 2.999349149587 0.500500500501 0.499499499499
-0.50175730928125950037 -0.00000006965320418839 0.00000000000286131184 0.000000142566 0.498252478503 0.00349490043163839300 0.00000000000286131184 2.456565192624 0.501747378932 0.498252621068
-0.50299792899923734257 -0.00000011881120060651 0.00000000000167331005 0.000000083165 0.497011869026 0.00597617878469863632 0.00000000000167331005 2.223576418548 0.502988047809 0.497011952191
-0.50423238591848229539 -0.00000016748558300219 0.00000000000118410942 0.000000058705 0.495777387892 0.00844516551241402194 0.00000000000118410942 2.073391834498 0.504222553403 0.495777446597
-0.50546072584418377804 -0.00000021568299690704 0.00000000000091726891 0.000000045363 0.494549013110 0.01090192841688803795 0.00000000000091726891 1.962496673918 0.505450941526 0.494549058474
-0.50668299412875672516 -0.00000026341030180370 0.00000000000074925718 0.000000036963 0.493326705499 0.01334655204022595042 0.00000000000074925718 1.874630915821 0.506673257538 0.493326742462
-0.50789923567741979138 -0.00000031067429879460 0.00000000000063374875 0.000000031187 0.492110422461 0.01577912389023976292 0.00000000000063374875 1.801917113940 0.507889546351 0.492110453649
-0.50910949495369306472 -0.00000035748168171146 0.00000000000054945865 0.000000026973 0.490900120592 0.01819973184313180073 0.00000000000054945865 1.739935010911 0.509099852435 0.490900147565
-0.51031381598481606598 -0.00000040383902539074 0.00000000000048523754 0.000000023762 0.489695756415 0.02060846340907390717 0.00000000000048523754 1.685954388514 0.510304219823 0.489695780177
-0.51151224236708325854 -0.00000044975278337154 0.00000000000043468045 0.000000021234 0.488497286647 0.02300540547332121169 0.00000000000043468045 1.638170107834 0.511502692119 0.488497307881
-0.51270481727110528425 -0.00000049522928861541 0.00000000000039384586 0.000000019192 0.487304668308 0.02539064419268636033 0.00000000000039384586 1.595326280387 0.512695312500 0.487304687500
-0.51389158344698826486 -0.00000054027475534149 0.00000000000036017521 0.000000017509 0.486117858770 0.02776426495188699314 0.00000000000036017521 1.556513819817 0.513882123721 0.486117876279
-0.51507258322944304840 -0.00000058489528130179 0.00000000000033193531 0.000000016097 0.484936815779 0.03012635234588228669 0.00000000000033193531 1.521053448876 0.515063168124 0.484936831876
-0.51624785854281773911 -0.00000062909685022644 0.00000000000030791031 0.000000014896 0.483761497465 0.03247699017454342557 0.00000000000030791031 1.488424226080 0.516238487639 0.483761512361
-0.51741745090605539836 -0.00000067288533432010 0.00000000000028722211 0.000000013861 0.482591862348 0.03481626144359747932 0.00000000000028722211 1.458217865085 0.517408123791 0.482591876209
-0.51858140143758324481 -0.00000071626649675356 0.00000000000026922069 0.000000012961 0.481427869335 0.03714424836892514514 0.00000000000026922069 1.430108425376 0.518572117704 0.481427882296
-0.51973975086013024516 -0.00000075924599412337 0.00000000000025341456 0.000000012171 0.480269477723 0.03946103238272315183 0.00000000000025341456 1.403831556888 0.519730510106 0.480269489894
-0.52089253950547420580 -0.00000080182937886536 0.00000000000023942522 0.000000011471 0.479116647194 0.04176669414072746445 0.00000000000023942522 1.379169898047 0.520883341335 0.479116658665
-0.52203980731912125179 -0.00000084402210161548 0.00000000000022695647 0.000000010848 0.477969337811 0.04406131353004243828 0.00000000000022695647 1.355942560060 0.522030651341 0.477969348659
-0.52318159386492135710 -0.00000088582951351451 0.00000000000021577315 0.000000010289 0.476827510017 0.04634496967731088074 0.00000000000021577315 1.333997397656 0.523172479694 0.476827520306
-0.52431793832961004487 -0.00000092725686845563 0.00000000000020568623 0.000000009784 0.475691124629 0.04861774095706251214 0.00000000000020568623 1.313205224692 0.524308865586 0.475691134414
-0.52544887952729546488 -0.00000096830932527477 0.00000000000019654202 0.000000009327 0.474560142836 0.05087970500014583897 0.00000000000019654202 1.293455415386 0.525439847836 0.474560152164
-0.52657445590387419454 -0.00000100899194988432 0.00000000000018821425 0.000000008911 0.473434526194 0.05313093870217227427 0.00000000000018821425 1.274652511032 0.526565464896 0.473434535104
-0.52769470554138597773 -0.00000104930971735127 0.00000000000018059826 0.000000008530 0.472314236619 0.05537151823193931649 0.00000000000018059826 1.256713568402 0.527685754851 0.472314245149
-0.52880966616231028787 -0.00000108926751392100 0.00000000000017360653 0.000000008180 0.471199236390 0.05760151903980150617 0.00000000000017360653 1.239566063419 0.528800755430 0.471199244570
-0.52991937513379627767 -0.00000112887013898796 0.00000000000016716533 0.000000007858 0.470089488138 0.05982101586597028675 0.00000000000016716533 1.223146216159 0.529910504004 0.470089495996
-0.53102386947183899402 -0.00000116812230701478 0.00000000000016121210 0.000000007561 0.468984954845 0.06203008274873616362 0.00000000000016121210 1.207397639482 0.531015037594 0.468984962406
-0.53212318584539253230 -0.00000120702864940114 0.00000000000015569341 0.000000007285 0.467885599841 0.06422879303259947104 0.00000000000015569341 1.192270239035 0.532114392874 0.467885607126
-0.53321736058042845663 -0.00000124559371630379 0.00000000000015056336 0.000000007028 0.466791386798 0.06641721937630751249 0.00000000000015056336 1.177719310532 0.533208606174 0.466791393826
-0.53430642966393515625 -0.00000128382197840929 0.00000000000014578230 0.000000006789 0.465702279725 0.06859543376079592358 0.00000000000014578230 1.163704793309 0.534297713486 0.465702286514
-0.53539042874786224591 -0.00000132171782866059 0.00000000000014131578 0.000000006566 0.464618242969 0.07076350749702876863 0.00000000000014131578 1.150190648786 0.535381750466 0.464618249534
-0.53646939315301100937 -0.00000135928558393902 0.00000000000013713375 0.000000006357 0.463539241205 0.07292151123374027155 0.00000000000013713375 1.137144339555 0.536460752438 0.463539247562
-0.53754335787287077508 -0.00000139652948670289 0.00000000000013320987 0.000000006160 0.462465239437 0.07506951496507503763 0.00000000000013320987 1.124536390164 0.537534754402 0.462465245598
-0.53861235757739844843 -0.00000143345370658402 0.00000000000012952095 0.000000005976 0.461396202993 0.07720758803812793891 0.00000000000012952095 1.112340014675 0.538603791031 0.461396208969
-0.53967642661675052640 -0.00000147006234194336 0.00000000000012604650 0.000000005802 0.460332097519 0.07933579916038470403 0.00000000000012604650 1.100530799195 0.539667896679 0.460332103321
-0.54073559902496293184 -0.00000150635942138707 0.00000000000012276835 0.000000005638 0.459272888977 0.08145421640706325406 0.00000000000012276835 1.089086429895 0.540727105384 0.459272894616
-0.54178990852357433727 -0.00000154234890524395 0.00000000000011967032 0.000000005484 0.458218543644 0.08356290722835563178 0.00000000000011967032 1.077986458935 0.541781450872 0.458218549128
-0.54283938852520974283 -0.00000157803468700571 0.00000000000011673796 0.000000005337 0.457169028103 0.08566193845657499306 0.00000000000011673796 1.067212102115 0.542830966560 0.457169033440
-0.54388407213710576737 -0.00000161342059473076 0.00000000000011395833 0.000000005198 0.456124309244 0.08775137631320392706 0.00000000000011395833 1.056746063232 0.543875685558 0.456124314442
-0.54492399216459386224 -0.00000164851039241298 0.00000000000011131979 0.000000005066 0.455084354259 0.08983128641585010066 0.00000000000011131979 1.046572381024 0.544915640675 0.455084359325
-0.54595918111452956811 -0.00000168330778131612 0.00000000000010881188 0.000000004941 0.454049130637 0.09190173378510659019 0.00000000000010881188 1.036676295293 0.545950864422 0.454049135578
-0.54698967119868480147 -0.00000171781640127517 0.00000000000010642512 0.000000004821 0.453018606164 0.09396278285132141084 0.00000000000010642512 1.027044129410 0.546981389015 0.453018610985
-0.54801549433708363068 -0.00000175203983196533 0.00000000000010415094 0.000000004708 0.451992748916 0.09601449746127431462 0.00000000000010415094 1.017663186835 0.548007246377 0.451992753623
-0.54903668216130085966 -0.00000178598159413978 0.00000000000010198156 0.000000004599 0.450971527258 0.09805694088476525627 0.00000000000010198156 1.008521659709 0.549028468143 0.450971531857
-0.55005326601770820893 -0.00000181964515083693 0.00000000000009990991 0.000000004495 0.449954909842 0.10009017582111376377 0.00000000000009990991 0.999608547856 0.550045085663 0.449954914337
-0.55106527697068818927 -0.00000185303390855820 0.00000000000009792951 0.000000004396 0.448942865599 0.10211426440557032358 0.00000000000009792951 0.990913586807 0.551057130004 0.448942869996
-0.55207274580578979961 -0.00000188615121841706 0.00000000000009603448 0.000000004302 0.447935363741 0.10412926821564409685 0.00000000000009603448 0.982427183669 0.552064631957 0.447935368043
-0.55307570303285591429 -0.00000191900037726007 0.00000000000009421941 0.000000004211 0.446932373756 0.10613524827734305278 0.00000000000009421941 0.974140359830 0.553067622033 0.446932377967
-0.55407417888910115433 -0.00000195158462876099 0.00000000000009247934 0.000000004124 0.445933865402 0.10813226507133355536 0.00000000000009247934 0.966044699648 0.554066130474 0.445933869526
-0.55506820334214601598 -0.00000198390716448835 0.00000000000009080971 0.000000004040 0.444939808710 0.11012037853901600337 0.00000000000009080971 0.958132304388 0.555060187249 0.444939812751
-0.55605780609302124518 -0.00000201597112494753 0.00000000000008920635 0.000000003960 0.443950173976 0.11209964808852042328 0.00000000000008920635 0.950395750772 0.556049822064 0.443950177936
-0.55704301657912003165 -0.00000204777960059786 0.00000000000008766537 0.000000003883 0.442964931758 0.11407013260062182081 0.00000000000008766537 0.942828053608 0.557035064359 0.442964935641
-0.55802386397711911670 -0.00000207933563284555 0.00000000000008618320 0.000000003809 0.441984052878 0.11603189043457842744 0.00000000000008618320 0.935422632012 0.558015943313 0.441984056687
-0.55900037720585893375 -0.00000211064221501306 0.00000000000008475655 0.000000003738 0.441007508414 0.11798497943389123221 0.00000000000008475655 0.928173278831 0.558992487848 0.441007512152
-0.55997258492918344785 -0.00000214170229328556 0.00000000000008338235 0.000000003669 0.440035269699 0.11992945693198750479 0.00000000000008338235 0.921074132900 0.559964726631 0.440035273369
-0.56094051555874502313 -0.00000217251876763516 0.00000000000008205776 0.000000003603 0.439067308320 0.12186537975783143239 0.00000000000008205776 0.914119653821 0.560932688077 0.439067311923
-0.56190419725677320795 -0.00000220309449272344 0.00000000000008078014 0.000000003539 0.438103596110 0.12379280424145835959 0.00000000000008078014 0.907304599008 0.561896400351 0.438103599649
-0.56286365793880355213 -0.00000223343227878296 0.00000000000007954704 0.000000003477 0.437144105152 0.12571178621943740472 0.00000000000007954704 0.900624002743 0.562855891371 0.437144108629
-0.56381892527637478274 -0.00000226353489247822 0.00000000000007835616 0.000000003418 0.436188807771 0.12762238104026416008 0.00000000000007835616 0.894073157042 0.563811188811 0.436188811189
-0.56477002669968623394 -0.00000229340505774669 0.00000000000007720539 0.000000003360 0.435237676535 0.12952464356967932635 0.00000000000007720539 0.887647594146 0.564762320105 0.435237679895
-0.56571698940022452362 -0.00000232304545662049 0.00000000000007609271 0.000000003305 0.434290684250 0.13141862819592159406 0.00000000000007609271 0.881343070474 0.565709312446 0.434290687554
-0.56665984033335525805 -0.00000235245873002911 0.00000000000007501628 0.000000003251 0.433347803957 0.13330438883491019242 0.00000000000007501628 0.875155551896 0.566652192792 0.433347807208
-0.56759860622087954241 -0.00000238164747858374 0.00000000000007397436 0.000000003199 0.432409008933 0.13518197893536032517 0.00000000000007397436 0.869081200189 0.567590987868 0.432409012132
-0.56853331355355718468 -0.00000241061426334382 0.00000000000007296530 0.000000003148 0.431474272684 0.13705145148383290898 0.00000000000007296530 0.863116360576 0.568525724168 0.431474275832
-0.56946398859359936839 -0.00000243936160656603 0.00000000000007198758 0.000000003099 0.430543568945 0.13891285900971822587 0.00000000000007198758 0.857257550242 0.569456427955 0.430543572045
-0.57039065737712735249 -0.00000246789199243642 0.00000000000007103975 0.000000003052 0.429616871679 0.14076625359015598749 0.00000000000007103975 0.851501447724 0.570383125269 0.429616874731
-0.57131334571660108423 -0.00000249620786778599 0.00000000000007012048 0.000000003006 0.428694155070 0.14261168685489153396 0.00000000000007012048 0.845844883119 0.571305841924 0.428694158076
-0.57223207920321417230 -0.00000252431164279016 0.00000000000006922849 0.000000002961 0.427775393524 0.14444920999106916626 0.00000000000006922849 0.840284829019 0.572224603515 0.427775396485
-0.57314688320926121534 -0.00000255220569165266 0.00000000000006836257 0.000000002918 0.426860561667 0.14627887374796602615 0.00000000000006836257 0.834818392106 0.573139435415 0.426860564585
-0.57405778289047149077 -0.00000257989235327412 0.00000000000006752161 0.000000002876 0.425949634341 0.14810072844166238815 0.00000000000006752161 0.829442805372 0.574050362783 0.425949637217
-0.57496480318831522105 -0.00000260737393190578 0.00000000000006670454 0.000000002835 0.425042586603 0.14991482395965505248 0.00000000000006670454 0.824155420884 0.574957410562 0.425042589438
-0.57586796883228119626 -0.00000263465269778875 0.00000000000006591036 0.000000002796 0.424139393720 0.15172120976540973136 0.00000000000006591036 0.818953703062 0.575860603485 0.424139396515
-0.57676730434212042375 -0.00000266173088777921 0.00000000000006513812 0.000000002757 0.423240031170 0.15351993490285750776 0.00000000000006513812 0.813835222427 0.576759966073 0.423240033927
-0.57766283403006946084 -0.00000268861070595980 0.00000000000006438692 0.000000002719 0.422344474640 0.15531104800083223028 0.00000000000006438692 0.808797649776 0.577655522641 0.422344477359
-0.57855458200303666594 -0.00000271529432423766 0.00000000000006365591 0.000000002683 0.421452700020 0.15709459727745386792 0.00000000000006365591 0.803838750752 0.578547297297 0.421452702703
-0.57944257216476824368 -0.00000274178388292944 0.00000000000006294430 0.000000002647 0.420564683404 0.15887063054445432764 0.00000000000006294430 0.798956380775 0.579435313949 0.420564686051
-0.58032682821798231565 -0.00000276808149133355 0.00000000000006225131 0.000000002613 0.419680401088 0.16063919521145028635 0.00000000000006225131 0.794148480308 0.580319596299 0.419680403701
-0.58120737366647712285 -0.00000279418922829003 0.00000000000006157623 0.000000002579 0.418799829566 0.16240033829016117806 0.00000000000006157623 0.789413070431 0.581200167856 0.418799832144
-0.58208423181721635764 -0.00000282010914272838 0.00000000000006091837 0.000000002546 0.417922945528 0.16415410639857555553 0.00000000000006091837 0.784748248701 0.582077051926 0.417922948074
-0.58295742578238074483 -0.00000284584325420351 0.00000000000006027708 0.000000002514 0.417049725861 0.16590054576506338413 0.00000000000006027708 0.780152185269 0.582950271626 0.417049728374
-0.58382697848140230334 -0.00000287139355342035 0.00000000000005965174 0.000000002483 0.416180147643 0.16763970223243820912 0.00000000000005965174 0.775623119247 0.583819849875 0.416180150125
-0.58469291264296685551 -0.00000289676200274712 0.00000000000005904177 0.000000002452 0.415314188143 0.16937162126196847467 0.00000000000005904177 0.771159355291 0.584685809405 0.415314190595
-0.58555525080699655227 -0.00000292195053671773 0.00000000000005844660 0.000000002422 0.414451824820 0.17109634793733874414 0.00000000000005844660 0.766759260404 0.585548172757 0.414451827243
-0.58641401532660397677 -0.00000294696106252358 0.00000000000005786571 0.000000002393 0.413593035319 0.17281392696856082147 0.00000000000005786571 0.762421260920 0.586406962288 0.413593037712
-0.58726922837002282218 -0.00000297179546049491 0.00000000000005729858 0.000000002365 0.412737797470 0.17452440269583827104 0.00000000000005729858 0.758143839678 0.587262200165 0.412737799835
-0.58812091192251603200 -0.00000299645558457201 0.00000000000005674473 0.000000002337 0.411886089285 0.17622781909338081086 0.00000000000005674473 0.753925533352 0.588113908378 0.411886091622
-0.58896908778825973751 -0.00000302094326276661 0.00000000000005620370 0.000000002310 0.411037888958 0.17792421977317379733 0.00000000000005620370 0.749764929949 0.588962108731 0.411037891269
-0.58981377759220354751 -0.00000304526029761353 0.00000000000005567506 0.000000002284 0.410193174864 0.17961364798869960957 0.00000000000005567506 0.745660666438 0.589806822852 0.410193177148
-0.59065500278190841144 -0.00000306940846661304 0.00000000000005515837 0.000000002258 0.409351925552 0.18129614663861354229 0.00000000000005515837 0.741611426524 0.590648072190 0.409351927810
-0.59149278462936105694 -0.00000309338952266389 0.00000000000005465324 0.000000002233 0.408514119749 0.18297175827037540086 0.00000000000005465324 0.737615938542 0.591485878019 0.408514121981
-0.59232714423276777715 -0.00000311720519448754 0.00000000000005415929 0.000000002208 0.407679736354 0.18464052508383571594 0.00000000000005415929 0.733672973469 0.592320261438 0.407679738562
-0.59315810251832523647 -0.00000314085718704353 0.00000000000005367615 0.000000002184 0.406848754441 0.18630248893477832639 0.00000000000005367615 0.729781343046 0.593151243375 0.406848756625
-0.59398568024196773951 -0.00000316434718193632 0.00000000000005320346 0.000000002160 0.406021153251 0.18795769133841994103 0.00000000000005320346 0.725939898003 0.593978844589 0.406021155411
-0.59480989799109962313 -0.00000318767683781389 0.00000000000005274090 0.000000002137 0.405196912195 0.18960617347286701229 0.00000000000005274090 0.722147526378 0.594803085668 0.405196914332
-0.59563077618629745036 -0.00000321084779075810 0.00000000000005228814 0.000000002114 0.404376010852 0.19124797618253031040 0.00000000000005228814 0.718403151926 0.595623987034 0.404376012966
-0.59644833508299921476 -0.00000323386165466717 0.00000000000005184486 0.000000002092 0.403558428963 0.19288313998149833606 0.00000000000005184486 0.714705732610 0.596441568945 0.403558431055
-0.59726259477316934188 -0.00000325672002163039 0.00000000000005141079 0.000000002071 0.402744146436 0.19451170505687009893 0.00000000000005141079 0.711054259178 0.597255851493 0.402744148507
-0.59807357518694581611 -0.00000327942446229528 0.00000000000005098563 0.000000002049 0.401933143339 0.19613371127204679012 0.00000000000005098563 0.707447753802 0.598066854611 0.401933145389
-0.59888129609426410394 -0.00000330197652622731 0.00000000000005056911 0.000000002028 0.401125399901 0.19774919816998492994 0.00000000000005056911 0.703885268796 0.598874598071 0.401125401929
-0.59968577710646331358 -0.00000332437774226246 0.00000000000005016097 0.000000002008 0.400320896508 0.19935820497640971416 0.00000000000005016097 0.700365885396 0.599679101484 0.400320898516
-0.60048703767787714458 -0.00000334662961885269 0.00000000000004976096 0.000000001988 0.399519613705 0.20096077060298950245 0.00000000000004976096 0.696888712597 0.600480384307 0.399519615693
-0.60128509710739574956 -0.00000336873364440453 0.00000000000004936884 0.000000001968 0.398721532191 0.20255693365047280907 0.00000000000004936884 0.693452886054 0.601278465841 0.398721534159
-0.60207997454002148974 -0.00000339069128761095 0.00000000000004898437 0.000000001949 0.397926632820 0.20414673241178760144 0.00000000000004898437 0.690057567036 0.602073365231 0.397926634769
-0.60287168896839449239 -0.00000341250399777670 0.00000000000004860735 0.000000001930 0.397134896597 0.20573020487510371157 0.00000000000004860735 0.686701941424 0.602865101472 0.397134898528
-0.60366025923430965960 -0.00000343417320513710 0.00000000000004823755 0.000000001912 0.396346304681 0.20730738872685805507 0.00000000000004823755 0.683385218764 0.603653693407 0.396346306593
-0.60444570403020625449 -0.00000345570032117073 0.00000000000004787476 0.000000001894 0.395560838376 0.20887832135474518336 0.00000000000004787476 0.680106631368 0.604439159730 0.395560840270
-0.60522804190065027097 -0.00000347708673890586 0.00000000000004751880 0.000000001876 0.394778479137 0.21044303985067089324 0.00000000000004751880 0.676865433444 0.605221518987 0.394778481013
-0.60600729124378982515 -0.00000349833383322093 0.00000000000004716946 0.000000001858 0.393999208564 0.21200158101367222452 0.00000000000004716946 0.673660900284 0.606000789578 0.393999210422
-0.60678347031279888935 -0.00000351944296113923 0.00000000000004682657 0.000000001841 0.393223008403 0.21355398135280159733 0.00000000000004682657 0.670492327476 0.606776989756 0.393223010244
-0.60755659721730170819 -0.00000354041546211775 0.00000000000004648994 0.000000001824 0.392449860543 0.21510027708997817020 0.00000000000004648994 0.667359030158 0.607550137633 0.392449862367
-0.60832668992478167169 -0.00000356125265833055 0.00000000000004615942 0.000000001808 0.391679747015 0.21664050416280525302 0.00000000000004615942 0.664260342310 0.608320251177 0.391679748823
-0.60909376626197386795 -0.00000358195585494657 0.00000000000004583483 0.000000001792 0.390912649990 0.21817469822735324758 0.00000000000004583483 0.661195616064 0.609087348218 0.390912651782
-0.60985784391623809597 -0.00000360252634040217 0.00000000000004551601 0.000000001776 0.390148551782 0.21970289466091263986 0.00000000000004551601 0.658164221063 0.609851446443 0.390148553557
-0.61061894043692110934 -0.00000362296538666844 0.00000000000004520282 0.000000001760 0.389387434838 0.22122512856471218679 0.00000000000004520282 0.655165543836 0.610612563402 0.389387436598
-0.61137707323669843174 -0.00000364327424951330 0.00000000000004489510 0.000000001745 0.388629281744 0.22274143476660701602 0.00000000000004489510 0.652198987202 0.611370716511 0.388629283489
-0.61213225959290240574 -0.00000366345416875877 0.00000000000004459272 0.000000001730 0.387874075223 0.22425184782373414061 0.00000000000004459272 0.649263969705 0.612125923047 0.387874076953
-0.61288451664883436543 -0.00000368350636853322 0.00000000000004429553 0.000000001715 0.387121798130 0.22575640202513894139 0.00000000000004429553 0.646359925069 0.612878200155 0.387121799845
-0.61363386141506326421 -0.00000370343205751895 0.00000000000004400341 0.000000001700 0.386372433453 0.22725513139436837040 0.00000000000004400341 0.643486301677 0.613627564847 0.386372435153
-0.61438031077070565100 -0.00000372323242919496 0.00000000000004371622 0.000000001686 0.385625964311 0.22874806969203687057 0.00000000000004371622 0.640642562073 0.614374034003 0.385625965997
-0.61512388146469410000 -0.00000374290866207534 0.00000000000004343384 0.000000001672 0.384882373955 0.23023525041836059857 0.00000000000004343384 0.637828182487 0.615117624373 0.384882375627
-0.61586459011702987532 -0.00000376246191994302 0.00000000000004315615 0.000000001658 0.384141645763 0.23171670681566416961 0.00000000000004315615 0.635042652372 0.615858352579 0.384141647421
-0.61660245322002171786 -0.00000378189335207925 0.00000000000004288303 0.000000001644 0.383403763243 0.23319247187085598294 0.00000000000004288303 0.632285473972 0.616596235113 0.383403764887
-0.61733748713950720166 -0.00000380120409348879 0.00000000000004261438 0.000000001631 0.382668710026 0.23466257831787817878 0.00000000000004261438 0.629556161896 0.617331288344 0.382668711656
-0.61806970811606665173 -0.00000382039526512087 0.00000000000004235008 0.000000001618 0.381936469871 0.23612705864012598078 0.00000000000004235008 0.626854242719 0.618063528511 0.381936471489
-0.61879913226621585665 -0.00000383946797408609 0.00000000000004209003 0.000000001605 0.381207026661 0.23758594507284006014 0.00000000000004209003 0.624179254591 0.618792971734 0.381207028266
-0.61952577558359056553 -0.00000385842331386937 0.00000000000004183413 0.000000001592 0.380480364401 0.23903926960547319802 0.00000000000004183413 0.621530746868 0.619519634007 0.380480365993
-0.62024965394011244424 -0.00000387726236453888 0.00000000000004158228 0.000000001579 0.379756467218 0.24048706398402597273 0.00000000000004158228 0.618908279754 0.620243531202 0.379756468798
-0.62097078308714914741 -0.00000389598619295117 0.00000000000004133438 0.000000001567 0.379035319360 0.24192935971336113066 0.00000000000004133438 0.616311423958 0.620964679073 0.379035320927
-0.62168917865665174194 -0.00000391459585295264 0.00000000000004109034 0.000000001555 0.378316905193 0.24336618805948617705 0.00000000000004109034 0.613739760367 0.621683093252 0.378316906748
-0.62240485616229013210 -0.00000393309238557715 0.00000000000004085008 0.000000001543 0.377601209203 0.24479758005181448399 0.00000000000004085008 0.611192879726 0.622398789255 0.377601210745
-0.62311783100056272744 -0.00000395147681924024 0.00000000000004061350 0.000000001531 0.376888215992 0.24622356648539828194 0.00000000000004061350 0.608670382336 0.623111782477 0.376888217523
-0.62382811845190588862 -0.00000396975016992969 0.00000000000004038052 0.000000001519 0.376177910279 0.24764417792313705990 0.00000000000004038052 0.606171877759 0.623822088202 0.376177911798
-0.62453573368178305625 -0.00000398791344139267 0.00000000000004015106 0.000000001508 0.375470276897 0.24905944469796179042 0.00000000000004015106 0.603696984538 0.624529721595 0.375470278405
-0.62524069174176466479 -0.00000400596762531957 0.00000000000003992504 0.000000001496 0.374765300794 0.25046939691499259251 0.00000000000003992504 0.601245329928 0.625234697709 0.374765302291
-0.62594300757059551099 -0.00000402391370152445 0.00000000000003970238 0.000000001485 0.374062967031 0.25187406445367449548 0.00000000000003970238 0.598816549630 0.625937031484 0.374062968516
-0.62664269599525002086 -0.00000404175263812231 0.00000000000003948301 0.000000001474 0.373363260778 0.25327347696988794512 0.00000000000003948301 0.596410287544 0.626636737748 0.373363262252
-0.62733977173197374988 -0.00000405948539170317 0.00000000000003926686 0.000000001463 0.372666167319 0.25466766389803507931 0.00000000000003926686 0.594026195524 0.627333831217 0.372666168783
-0.62803424938731766680 -0.00000407711290750308 0.00000000000003905386 0.000000001453 0.371971672047 0.25605665445310460404 0.00000000000003905386 0.591663933148 0.628028326500 0.371971673500
-0.62872614345915711631 -0.00000409463611957206 0.00000000000003884393 0.000000001442 0.371279760463 0.25744047763271149520 0.00000000000003884393 0.589323167492 0.628720238095 0.371279761905
-0.62941546833770101177 -0.00000411205595093909 0.00000000000003863702 0.000000001432 0.370590418175 0.25881916221911555054 0.00000000000003863702 0.587003572911 0.629409580394 0.370590419606
-0.63010223830648715015 -0.00000412937331377414 0.00000000000003843305 0.000000001422 0.369903630899 0.26019273678121629390 0.00000000000003843305 0.584704830833 0.630096367680 0.369903632320
-0.63078646754337375224 -0.00000414658910954747 0.00000000000003823197 0.000000001412 0.369219384456 0.26156122967652750688 0.00000000000003823197 0.582426629558 0.630780614132 0.369219385868
-0.63146817012151013060 -0.00000416370422918598 0.00000000000003803371 0.000000001402 0.368537664773 0.26292466905312672498 0.00000000000003803371 0.580168664061 0.631462333826 0.368537666174
-0.63214736001030380486 -0.00000418071955322695 0.00000000000003783821 0.000000001392 0.367858457878 0.26428308285158730317 0.00000000000003783821 0.577930635806 0.632141540730 0.367858459270
-0.63282405107637418329 -0.00000419763595196901 0.00000000000003764543 0.000000001382 0.367181749905 0.26563649880688600113 0.00000000000003764543 0.575712252567 0.632818248712 0.367181751288
-0.63349825708449569728 -0.00000421445428562055 0.00000000000003745530 0.000000001373 0.366507527088 0.26698494445029019584 0.00000000000003745530 0.573513228248 0.633492471539 0.366507528461
-0.63416999169853349727 -0.00000423117540444553 0.00000000000003726776 0.000000001363 0.365835775763 0.26832844711122583181 0.00000000000003726776 0.571333282719 0.634164222874 0.365835777126
-0.63483926848236160723 -0.00000424780014890675 0.00000000000003708277 0.000000001354 0.365166482363 0.26966703391912255627 0.00000000000003708277 0.569172141653 0.634833516282 0.365166483718
-0.63550610090078196723 -0.00000426432934980667 0.00000000000003690027 0.000000001345 0.364499633425 0.27100073180524025807 0.00000000000003690027 0.567029536363 0.635500365230 0.364499634770
-0.63617050232042271496 -0.00000428076382842584 0.00000000000003672021 0.000000001336 0.363835215580 0.27232956750447623318 0.00000000000003672021 0.564905203658 0.636164783084 0.363835216916
-0.63683248601063258132 -0.00000429710439665888 0.00000000000003654255 0.000000001327 0.363173215558 0.27365356755714964621 0.00000000000003654255 0.562798885690 0.636826783115 0.363173216885
-0.63749206514436507209 -0.00000431335185714822 0.00000000000003636724 0.000000001318 0.362513620185 0.27497275831077028219 0.00000000000003636724 0.560710329811 0.637486378496 0.362513621504
-0.63814925279905143629 -0.00000432950700341548 0.00000000000003619423 0.000000001310 0.361856416384 0.27628716592178537148 0.00000000000003619423 0.558639288441 0.638143582306 0.361856417694
-0.63880406195746530784 -0.00000434557061999069 0.00000000000003602347 0.000000001301 0.361201591171 0.27759681635730770743 0.00000000000003602347 0.556585518932 0.638798407528 0.361201592472
-0.63945650550857624506 -0.00000436154348253929 0.00000000000003585492 0.000000001293 0.360549131655 0.27890173539682822090 0.00000000000003585492 0.554548783436 0.639450867052 0.360549132948
-0.64010659624839794102 -0.00000437742635798694 0.00000000000003568855 0.000000001284 0.359899025041 0.28020194863390407436 0.00000000000003568855 0.552528848786 0.640100973675 0.359899026325
-0.64075434688082300028 -0.00000439322000464230 0.00000000000003552430 0.000000001276 0.359251258623 0.28149748147783426599 0.00000000000003552430 0.550525486373 0.640748740101 0.359251259899
-0.64139977001844883375 -0.00000440892517231773 0.00000000000003536213 0.000000001268 0.358605819788 0.28278835915531413958 0.00000000000003536213 0.548538472027 0.641394178944 0.358605821056
-0.64204287818340100014 -0.00000442454260244791 0.00000000000003520202 0.000000001260 0.357962696014 0.28407460671207307445 0.00000000000003520202 0.546567585910 0.642037302726 0.357962697274
-0.64268368380813856167 -0.00000444007302820655 0.00000000000003504391 0.000000001252 0.357321874867 0.28535624901449369029 0.00000000000003504391 0.544612612399 0.642678123881 0.357321876119
-0.64332219923625577618 -0.00000445551717462109 0.00000000000003488778 0.000000001244 0.356683344002 0.28663331075121450953 0.00000000000003488778 0.542673339986 0.643316654753 0.356683345247
-0.64395843672327723883 -0.00000447087575868558 0.00000000000003473358 0.000000001237 0.356047091164 0.28790581643471602202 0.00000000000003473358 0.540749561173 0.643952907599 0.356047092401
-0.64459240843743947913 -0.00000448614948947158 0.00000000000003458128 0.000000001229 0.355413104184 0.28917379040288765379 0.00000000000003458128 0.538841072371 0.644586894587 0.355413105413
-0.64522412646046856111 -0.00000450133906823734 0.00000000000003443084 0.000000001222 0.354781370979 0.29043725682058130211 0.00000000000003443084 0.536947673806 0.645218627800 0.354781372200
-0.64585360278834502701 -0.00000451644518853504 0.00000000000003428224 0.000000001214 0.354151879552 0.29169623968114399837 0.00000000000003428224 0.535069169426 0.645848119233 0.354151880767
-0.64648084933206473313 -0.00000453146853631646 0.00000000000003413543 0.000000001207 0.353524617993 0.29295076280793913570 0.00000000000003413543 0.533205366805 0.646475380801 0.353524619199
-0.64710587791839124794 -0.00000454640979003672 0.00000000000003399038 0.000000001200 0.352899574472 0.29420084985584749049 0.00000000000003399038 0.531356077063 0.647100424328 0.352899575672
-0.64772870029059681496 -0.00000456126962075643 0.00000000000003384707 0.000000001192 0.352276737247 0.29544652431275453264 0.00000000000003384707 0.529521114774 0.647723261560 0.352276738440
-0.64834932810919909674 -0.00000457604869224222 0.00000000000003370546 0.000000001185 0.351656094657 0.29668780950102202620 0.00000000000003370546 0.527700297887 0.648343904158 0.351656095842
-0.64896777295268870400 -0.00000459074766106548 0.00000000000003356553 0.000000001178 0.351037635121 0.29792472857894297666 0.00000000000003356553 0.525893447642 0.648962363700 0.351037636300
-0.64958404631825006348 -0.00000460536717669965 0.00000000000003342723 0.000000001171 0.350421347143 0.29915730454218153467 0.00000000000003342723 0.524100388498 0.649578651685 0.350421348315
-0.65019815962247040630 -0.00000461990788161587 0.00000000000003329055 0.000000001165 0.349807219305 0.30038556022519874444 0.00000000000003329055 0.522320948050 0.650192779530 0.349807220470
-0.65081012420204986668 -0.00000463437041137708 0.00000000000003315545 0.000000001158 0.349195240270 0.30160951830266236051 0.00000000000003315545 0.520554956963 0.650804758572 0.349195241428
-0.65141995131449503820 -0.00000464875539473063 0.00000000000003302191 0.000000001151 0.348585398779 0.30282920129084245353 0.00000000000003302191 0.518802248895 0.651414600070 0.348585399930
-0.65202765213881075379 -0.00000466306345369940 0.00000000000003288991 0.000000001144 0.347977683653 0.30404463154899141752 0.00000000000003288991 0.517062660428 0.652022315202 0.347977684798
-0.65263323777618298394 -0.00000467729520367145 0.00000000000003275941 0.000000001138 0.347372083791 0.30525583128071109851 0.00000000000003275941 0.515336031007 0.652627915071 0.347372084929
-0.65323671925065540655 -0.00000469145125348826 0.00000000000003263039 0.000000001132 0.346768588167 0.30646282253530443551 0.00000000000003263039 0.513622202865 0.653231410702 0.346768589298
-0.65383810750979687310 -0.00000470553220553153 0.00000000000003250282 0.000000001125 0.346167185833 0.30766562720911372342 0.00000000000003250282 0.511921020968 0.653832813042 0.346167186958
-0.65443741342536587702 -0.00000471953865580866 0.00000000000003237668 0.000000001119 0.345567865917 0.30886426704684433187 0.00000000000003237668 0.510232332948 0.654432132964 0.345567867036
-0.65503464779396092244 -0.00000473347119403679 0.00000000000003225195 0.000000001113 0.344970617622 0.31005876364287510150 0.00000000000003225195 0.508555989045 0.655029381265 0.344970618735
-0.65562982133767522264 -0.00000474733040372565 0.00000000000003212860 0.000000001106 0.344375430226 0.31124913844255613915 0.00000000000003212860 0.506891842049 0.655624568668 0.344375431332
-0.65622294470473352401 -0.00000476111686225891 0.00000000000003200662 0.000000001100 0.343782293078 0.31243541274349057035 0.00000000000003200662 0.505239747242 0.656217705822 0.343782294178
-0.65681402847012892998 -0.00000477483114097446 0.00000000000003188596 0.000000001094 0.343191195604 0.31361760769680607774 0.00000000000003188596 0.503599562343 0.656808803301 0.343191196699
-0.65740308313625051007 -0.00000478847380524329 0.00000000000003176663 0.000000001088 0.342602127302 0.31479574430841128496 0.00000000000003176663 0.501971147456 0.657397871610 0.342602128390
-0.65799011913350669012 -0.00000480204541454717 0.00000000000003164859 0.000000001082 0.342015077739 0.31596984344024037217 0.00000000000003164859 0.500354365016 0.657984921179 0.342015078821
-0.65857514682093953873 -0.00000481554652255518 0.00000000000003153182 0.000000001077 0.341430036556 0.31713992581148403582 0.00000000000003153182 0.498749079739 0.658569962367 0.341430037633
-0.65915817648683483476 -0.00000482897767719894 0.00000000000003141631 0.000000001071 0.340846993465 0.31830601199980868010 0.00000000000003141631 0.497155158571 0.659153005464 0.340846994536
-0.65973921834932491848 -0.00000484233942074680 0.00000000000003130203 0.000000001065 0.340265938246 0.31946812244256206359 0.00000000000003130203 0.495572470645 0.659734060689 0.340265939311
-0.66031828255698588048 -0.00000485563228987678 0.00000000000003118896 0.000000001059 0.339686860751 0.32062627743796801028 0.00000000000003118896 0.494000887226 0.660313138189 0.339686861811
-0.66089537918942620198 -0.00000486885681574843 0.00000000000003107709 0.000000001054 0.339109750900 0.32178049714630807543 0.00000000000003107709 0.492440281674 0.660890248046 0.339109751954
-0.66147051825787739343 -0.00000488201352407357 0.00000000000003096639 0.000000001048 0.338534598680 0.32293080159109133209 0.00000000000003096639 0.490890529393 0.661465400271 0.338534599729
-0.66204370970576453814 -0.00000489510293518599 0.00000000000003085684 0.000000001043 0.337961394148 0.32407721066021139000 0.00000000000003085684 0.489351507791 0.662038604809 0.337961395191
-0.66261496340928727200 -0.00000490812556411001 0.00000000000003074844 0.000000001037 0.337390127428 0.32521974410709447723 0.00000000000003074844 0.487823096238 0.662609871535 0.337390128465
-0.66318428917798188937 -0.00000492108192062804 0.00000000000003064116 0.000000001032 0.336820788708 0.32635842155183197866 0.00000000000003064116 0.486305176024 0.663179210260 0.336820789740
-0.66375169675528356006 -0.00000493397250934708 0.00000000000003053498 0.000000001027 0.336253368245 0.32749326248230536951 0.00000000000003053498 0.484797630319 0.663746630728 0.336253369272
-0.66431719581908610373 -0.00000494679782976429 0.00000000000003042989 0.000000001021 0.335687856362 0.32862428625529549464 0.00000000000003042989 0.483300344136 0.664312142617 0.335687857383
-0.66488079598228500000 -0.00000495955837633144 0.00000000000003032587 0.000000001016 0.335124243443 0.32975151209758618576 0.00000000000003032587 0.481813204291 0.664875755541 0.335124244459
-0.66544250679332972442 -0.00000497225463851851 0.00000000000003022290 0.000000001011 0.334562519941 0.33087495910705172486 0.00000000000003022290 0.480336099365 0.665437479048 0.334562520952
-0.66600233773675765470 -0.00000498488710087620 0.00000000000003012097 0.000000001006 0.334002676370 0.33199464625373581450 0.00000000000003012097 0.478868919673 0.665997322624 0.334002677376
-0.66656029823372986431 -0.00000499745624309766 0.00000000000003002006 0.000000001001 0.333444703309 0.33311059238091944579 0.00000000000003002006 0.477411557223 0.666555295690 0.333444704310
-0.66711639764255981078 -0.00000500996254007916 0.00000000000002992016 0.000000000996 0.332888591399 0.33422281620617788622 0.00000000000002992016 0.475963905687 0.667111407605 0.332888592395
-0.66767064525923536245 -0.00000502240646197990 0.00000000000002982125 0.000000000991 0.332334331343 0.33533133632242778654 0.00000000000002982125 0.474525860362 0.667665667666 0.332334332334
-0.66822305031793860497 -0.00000503478847428095 0.00000000000002972332 0.000000000986 0.331781913907 0.33643617119896179757 0.00000000000002972332 0.473097318143 0.668218085106 0.331781914894
-0.66877362199155565570 -0.00000504710903784327 0.00000000000002962635 0.000000000981 0.331231329918 0.33753733918247558199 0.00000000000002962635 0.471678177488 0.668768669101 0.331231330899
-0.66932236939218925365 -0.00000505936860896488 0.00000000000002953033 0.000000000977 0.330682570263 0.33863485849808361294 0.00000000000002953033 0.470268338388 0.669317428761 0.330682571239
-0.66986930157165525124 -0.00000507156763943723 0.00000000000002943525 0.000000000972 0.330135625889 0.33972874725032309318 0.00000000000002943525 0.468867702338 0.669864373139 0.330135626861
-0.67041442752198632249 -0.00000508370657660069 0.00000000000002934109 0.000000000967 0.329590487804 0.34081902342415093532 0.00000000000002934109 0.467476172305 0.670409511229 0.329590488771
-0.67095775617592001705 -0.00000509578586339918 0.00000000000002924783 0.000000000962 0.329047147076 0.34190570488592880727 0.00000000000002924783 0.466093652699 0.670952851962 0.329047148038
-0.67149929640738859060 -0.00000510780593843412 0.00000000000002915547 0.000000000958 0.328505594829 0.34298880938439901822 0.00000000000002915547 0.464720049350 0.671494404213 0.328505595787
-0.67203905703200439437 -0.00000511976723601744 0.00000000000002906399 0.000000000953 0.327965822248 0.34406835455165118987 0.00000000000002906399 0.463355269476 0.672034176799 0.327965823201
-0.67257704680753294113 -0.00000513167018622398 0.00000000000002897338 0.000000000949 0.327427820574 0.34514435790407871352 0.00000000000002897338 0.461999221656 0.672572178478 0.327427821522
-0.67311327443437152240 -0.00000514351521494295 0.00000000000002888363 0.000000000944 0.326891581106 0.34621683684332632547 0.00000000000002888363 0.460651815807 0.673108417950 0.326891582050
-0.67364774855601594616 -0.00000515530274392878 0.00000000000002879473 0.000000000940 0.326357095202 0.34728580865722741278 0.00000000000002879473 0.459312963156 0.673642903859 0.326357096141
-0.67418047775952483214 -0.00000516703319085115 0.00000000000002870665 0.000000000935 0.325824354272 0.34835129052073504630 0.00000000000002870665 0.457982576216 0.674175644793 0.325824355207
-0.67471147057597979924 -0.00000517870696934434 0.00000000000002861940 0.000000000931 0.325293349786 0.34941329949683974654 0.00000000000002861940 0.456660568763 0.674706649283 0.325293350717
-0.67524073548094121211 -0.00000519032448905584 0.00000000000002853296 0.000000000927 0.324764073268 0.35047185253748047717 0.00000000000002853296 0.455346855810 0.675235925805 0.324764074195
-0.67576828089489959783 -0.00000520188615569424 0.00000000000002844732 0.000000000922 0.324236516297 0.35152696648444770045 0.00000000000002844732 0.454041353585 0.675763482781 0.324236517219
-0.67629411518371929102 -0.00000521339237107654 0.00000000000002836247 0.000000000918 0.323710670506 0.35257865807027616301 0.00000000000002836247 0.452743979509 0.676289328576 0.323710671424
-0.67681824665908563166 -0.00000522484353317459 0.00000000000002827839 0.000000000914 0.323186527583 0.35362694391912902203 0.00000000000002827839 0.451454652173 0.676813471503 0.323186528497
-0.67734068357893795209 -0.00000523624003616107 0.00000000000002819508 0.000000000910 0.322664079271 0.35467184054767419976 0.00000000000002819508 0.450173291314 0.677335919819 0.322664080181
-0.67786143414790611672 -0.00000524758227045465 0.00000000000002811252 0.000000000906 0.322143317364 0.35571336436595107910 0.00000000000002811252 0.448899817802 0.677856681730 0.322143318270
-0.67838050651773929012 -0.00000525887062276461 0.00000000000002803071 0.000000000902 0.321624233710 0.35675153167823142608 0.00000000000002803071 0.447634153608 0.678375765388 0.321624234612
-0.67889790878773059735 -0.00000527010547613479 0.00000000000002794964 0.000000000897 0.321106820209 0.35778635868386782226 0.00000000000002794964 0.446376221793 0.678893178893 0.321106821107
-0.67941364900514000791 -0.00000528128720998689 0.00000000000002786929 0.000000000893 0.320591068814 0.35881786147813760079 0.00000000000002786929 0.445125946485 0.679408930292 0.320591069708
-0.67992773516561078040 -0.00000529241620016322 0.00000000000002778966 0.000000000889 0.320076971529 0.35984605605307723453 0.00000000000002778966 0.443883252859 0.679923027582 0.320076972418
-0.68044017521358091116 -0.00000530349281896878 0.00000000000002771074 0.000000000886 0.319564520408 0.36087095829830878602 0.00000000000002771074 0.442648067118 0.680435478706 0.319564521294
-0.68095097704269436090 -0.00000531451743521278 0.00000000000002763251 0.000000000882 0.319053707558 0.36189258400185753128 0.00000000000002763251 0.441420316478 0.680946291560 0.319053708440
-0.68146014849620739628 -0.00000532549041424958 0.00000000000002755497 0.000000000878 0.318544525136 0.36291094885096475409 0.00000000000002755497 0.440199929144 0.681455473987 0.318544526013
-0.68196769736738671597 -0.00000533641211801906 0.00000000000002747811 0.000000000874 0.318036965347 0.36392606843288766161 0.00000000000002747811 0.438986834298 0.681963033779 0.318036966221
-0.68247363139990879777 -0.00000534728290508640 0.00000000000002740192 0.000000000870 0.317531020447 0.36493795823569763481 0.00000000000002740192 0.437780962081 0.682468978683 0.317531021317
-0.68297795828825658138 -0.00000535810313068135 0.00000000000002732639 0.000000000866 0.317026682742 0.36594663364906604430 0.00000000000002732639 0.436582243572 0.682973316391 0.317026683609
-0.68348068567810116303 -0.00000536887314673685 0.00000000000002725151 0.000000000863 0.316523944586 0.36695210996504507017 0.00000000000002725151 0.435390610775 0.683476054551 0.316523945449
-0.68398182116670003250 -0.00000537959330192728 0.00000000000002717728 0.000000000859 0.316022798381 0.36795440237884052825 0.00000000000002717728 0.434205996604 0.683977200760 0.316022799240
-0.68448137230326799862 -0.00000539026394170604 0.00000000000002710368 0.000000000855 0.315523236578 0.36895352598957753543 0.00000000000002710368 0.433028334864 0.684476762567 0.315523237433
-0.68497934658936632246 -0.00000540088540834263 0.00000000000002703072 0.000000000852 0.315025251674 0.36994949580105779274 0.00000000000002703072 0.431857560236 0.684974747475 0.315025252525
-0.68547575147926920192 -0.00000541145804095931 0.00000000000002695837 0.000000000848 0.314528836215 0.37094232672251209459 0.00000000000002695837 0.430693608264 0.685471162937 0.314528837063
-0.68597059438034346801 -0.00000542198217556716 0.00000000000002688663 0.000000000844 0.314033982793 0.37193203356934301240 0.00000000000002688663 0.429536415340 0.685966016362 0.314033983638
-0.68646388265341151680 -0.00000543245814510163 0.00000000000002681550 0.000000000841 0.313540684048 0.37291863106386180515 0.00000000000002681550 0.428385918687 0.686459315112 0.313540684888
-0.68695562361312001443 -0.00000544288627945776 0.00000000000002674497 0.000000000837 0.313048932663 0.37390213383602050046 0.00000000000002674497 0.427242056347 0.686951066499 0.313048933501
-0.68744582452829794406 -0.00000545326690552471 0.00000000000002667502 0.000000000834 0.312558721371 0.37488255642413154112 0.00000000000002667502 0.426104767167 0.687441277795 0.312558722205
-0.68793449262231853858 -0.00000546360034721994 0.00000000000002660566 0.000000000830 0.312070042947 0.37585991327558787578 0.00000000000002660566 0.424973990784 0.687929956223 0.312070043777
-0.68842163507345033313 -0.00000547388692552295 0.00000000000002653687 0.000000000827 0.311582890213 0.37683421874756939385 0.00000000000002653687 0.423849667614 0.688417108960 0.311582891040
-0.68890725901521265850 -0.00000548412695850843 0.00000000000002646865 0.000000000823 0.311097256034 0.37780548710774808363 0.00000000000002646865 0.422731738835 0.688902743142 0.311097256858
-0.68939137153671947722 -0.00000549432076137914 0.00000000000002640099 0.000000000820 0.310613133322 0.37877373253498397565 0.00000000000002640099 0.421620146381 0.689386865857 0.310613134143
-0.68987397968302643925 -0.00000550446864649818 0.00000000000002633388 0.000000000817 0.310130515032 0.37973896912001414705 0.00000000000002633388 0.420514832922 0.689869484152 0.310130515848
-0.69035509045547582829 -0.00000551457092342091 0.00000000000002626732 0.000000000813 0.309649394160 0.38070121086613806227 0.00000000000002626732 0.419415741857 0.690350605026 0.309649394974
-0.69083471081202829644 -0.00000552462789892646 0.00000000000002620130 0.000000000810 0.309169763750 0.38166047168989286620 0.00000000000002620130 0.418322817300 0.690830235440 0.309169764560
-0.69131284766760359162 -0.00000553463987704876 0.00000000000002613581 0.000000000807 0.308691616886 0.38261676542172556870 0.00000000000002613581 0.417236004067 0.691308382307 0.308691617693
-0.69178950789441118197 -0.00000554460715910716 0.00000000000002607085 0.000000000804 0.308214946695 0.38357010580665718003 0.00000000000002607085 0.416155247667 0.691785052502 0.308214947498
-0.69226469832227965906 -0.00000555453004373668 0.00000000000002600642 0.000000000800 0.307739746347 0.38452050650494135065 0.00000000000002600642 0.415080494290 0.692260252852 0.307739747148
-0.69273842573898292141 -0.00000556440882691786 0.00000000000002594249 0.000000000797 0.307266009055 0.38546798109271707133 0.00000000000002594249 0.414011690797 0.692733990148 0.307266009852
-0.69321069689056136198 -0.00000557424380200611 0.00000000000002587908 0.000000000794 0.306793728072 0.38641254306265482299 0.00000000000002587908 0.412948784704 0.693206271134 0.306793728866
-0.69368151848164760764 -0.00000558403525976085 0.00000000000002581616 0.000000000791 0.306322896692 0.38735420582459689776 0.00000000000002581616 0.411891724178 0.693677102517 0.306322897483
-0.69415089717577749262 -0.00000559378348837410 0.00000000000002575375 0.000000000788 0.305853508253 0.38829298270619311273 0.00000000000002575375 0.410840458023 0.694146490959 0.305853509041
-0.69461883959570791536 -0.00000560348877349875 0.00000000000002569182 0.000000000785 0.305385556131 0.38922888695352747535 0.00000000000002569182 0.409794935673 0.694614443084 0.305385556916
-0.69508535232372670176 -0.00000561315139827649 0.00000000000002563038 0.000000000782 0.304919033743 0.39016193173174368303 0.00000000000002563038 0.408755107175 0.695080965475 0.304919034525
-0.69555044190196402276 -0.00000562277164336534 0.00000000000002556942 0.000000000778 0.304453934548 0.39109213012565963163 0.00000000000002556942 0.407720923187 0.695546064674 0.304453935326
-0.69601411483269337577 -0.00000563234978696682 0.00000000000002550894 0.000000000775 0.303990252042 0.39201949514038247901 0.00000000000002550894 0.406692334966 0.696009747182 0.303990252818
-0.69647637757864044872 -0.00000564188610485276 0.00000000000002544892 0.000000000772 0.303527979763 0.39294403970191177367 0.00000000000002544892 0.405669294355 0.696472019465 0.303527980535
-0.69693723656327932758 -0.00000565138087039175 0.00000000000002538936 0.000000000769 0.303067111286 0.39386577665774102908 0.00000000000002538936 0.404651753779 0.696932887944 0.303067112056
-0.69739669817112848182 -0.00000566083435457535 0.00000000000002533026 0.000000000767 0.302607640228 0.39478471877745402452 0.00000000000002533026 0.403639666233 0.697392359005 0.302607640995
-0.69785476874805207892 -0.00000567024682604373 0.00000000000002527161 0.000000000764 0.302149560242 0.39570087875331227956 0.00000000000002527161 0.402632985273 0.697850438995 0.302149561005
-0.69831145460154697702 -0.00000567961855111123 0.00000000000002521341 0.000000000761 0.301692865019 0.39661426920084102976 0.00000000000002521341 0.401631665008 0.698307134220 0.301692865780
-0.69876676200103104986 -0.00000568894979379144 0.00000000000002515566 0.000000000758 0.301237548291 0.39752490265940776393 0.00000000000002515566 0.400635660092 0.698762450951 0.301237549049
-0.69922069717813606360 -0.00000569824081582198 0.00000000000002509834 0.000000000755 0.300783603826 0.39843279159279609836 0.00000000000002509834 0.399644925716 0.699216395419 0.300783604581
-0.69967326632698656486 -0.00000570749187668901 0.00000000000002504145 0.000000000752 0.300331025429 0.39933794838977415553 0.00000000000002504145 0.398659417596 0.699668973819 0.300331026181
-0.70012447560448343165 -0.00000571670323365132 0.00000000000002498498 0.000000000749 0.299879806943 0.40024038536465883498 0.00000000000002498498 0.397679091971 0.700120192308 0.299879807692
-0.70057433113058409369 -0.00000572587514176426 0.00000000000002492895 0.000000000746 0.299429942248 0.40114011475787336725 0.00000000000002492895 0.396703905590 0.700570057006 0.299429942994
-0.70102283898857631339 -0.00000573500785390322 0.00000000000002487332 0.000000000744 0.298981425260 0.40203714873650109318 0.00000000000002487332 0.395733815707 0.701018573996 0.298981426004
-0.70147000522535551958 -0.00000574410162078687 0.00000000000002481811 0.000000000741 0.298534249932 0.40293149939483430266 0.00000000000002481811 0.394768780071 0.701465749327 0.298534250673
-0.70191583585169725623 -0.00000575315669100017 0.00000000000002476331 0.000000000738 0.298088410253 0.40382317875491702264 0.00000000000002476331 0.393808756922 0.701911589008 0.298088410992
-0.70236033684252141551 -0.00000576217331101694 0.00000000000002470892 0.000000000735 0.297643900249 0.40471219876708414143 0.00000000000002470892 0.392853704980 0.702356099016 0.297643900984
-0.70280351413716213305 -0.00000577115172522227 0.00000000000002465492 0.000000000733 0.297200713978 0.40559857131049559253 0.00000000000002465492 0.391903583441 0.702799285289 0.297200714711
-0.70324537363963568470 -0.00000578009217593458 0.00000000000002460132 0.000000000730 0.296758845538 0.40648230819366459876 0.00000000000002460132 0.390958351967 0.703241153732 0.296758846268
-0.70368592121889816937 -0.00000578899490342742 0.00000000000002454810 0.000000000727 0.296318289059 0.40736342115498336280 0.00000000000002454810 0.390017970681 0.703681710214 0.296318289786
-0.70412516270910507910 -0.00000579786014595104 0.00000000000002449528 0.000000000725 0.295879038706 0.40824192186324104181 0.00000000000002449528 0.389082400161 0.704120960569 0.295879039431
-0.70456310390987186842 -0.00000580668813975356 0.00000000000002444284 0.000000000722 0.295441088680 0.40911782191814050069 0.00000000000002444284 0.388151601430 0.704558910598 0.295441089402
-0.70499975058652764037 -0.00000581547911910200 0.00000000000002439077 0.000000000720 0.295004433215 0.40999113285080740487 0.00000000000002439077 0.387225535952 0.704995566066 0.295004433934
-0.70543510847036861033 -0.00000582423331630306 0.00000000000002433908 0.000000000717 0.294569066579 0.41086186612429848042 0.00000000000002433908 0.386304165626 0.705430932704 0.294569067296
-0.70586918325890635195 -0.00000583295096172347 0.00000000000002428776 0.000000000714 0.294134983076 0.41173003313409994863 0.00000000000002428776 0.385387452777 0.705865016210 0.294134983790
-0.70630198061612192717 -0.00000584163228381027 0.00000000000002423680 0.000000000712 0.293702177040 0.41259564520862740400 0.00000000000002423680 0.384475360153 0.706297822248 0.293702177752
-0.70673350617270658258 -0.00000585027750911075 0.00000000000002418621 0.000000000709 0.293270642840 0.41345871360971675479 0.00000000000002418621 0.383567850916 0.706729356450 0.293270643550
-0.70716376552630710872 -0.00000585888686229217 0.00000000000002413598 0.000000000707 0.292840374880 0.41431924953311405346 0.00000000000002413598 0.382664888638 0.707159624413 0.292840375587
-0.70759276424177286469 -0.00000586746056616118 0.00000000000002408610 0.000000000704 0.292411367593 0.41517726410895816613 0.00000000000002408610 0.381766437294 0.707588631702 0.292411368298
-0.70802050785138725963 -0.00000587599884168309 0.00000000000002403657 0.000000000702 0.291983615448 0.41603276840226210975 0.00000000000002403657 0.380872461258 0.708016383850 0.291983616150
-0.70844700185511277901 -0.00000588450190800081 0.00000000000002398739 0.000000000699 0.291557112944 0.41688577341338711735 0.00000000000002398739 0.379982925295 0.708442886357 0.291557113643
-0.70887225172082302116 -0.00000589296998245366 0.00000000000002393855 0.000000000697 0.291131854612 0.41773629007851476036 0.00000000000002393855 0.379097794555 0.708868144691 0.291131855309
-0.70929626288453817562 -0.00000590140328059581 0.00000000000002389005 0.000000000695 0.290707835018 0.41858432927011623992 0.00000000000002389005 0.378217034571 0.709292164288 0.290707835712
-0.70971904075065472828 -0.00000590980201621461 0.00000000000002384189 0.000000000692 0.290285048755 0.41942990179741201917 0.00000000000002384189 0.377340611251 0.709714950553 0.290285049447
-0.71014059069217594367 -0.00000591816640134868 0.00000000000002379406 0.000000000690 0.289863490452 0.42027301840683406464 0.00000000000002379406 0.376468490873 0.710136508859 0.289863491141
-0.71056091805094090397 -0.00000592649664630568 0.00000000000002374656 0.000000000687 0.289443154765 0.42111368978247920580 0.00000000000002374656 0.375600640080 0.710556844548 0.289443155452
-0.71098002813784888509 -0.00000593479295968004 0.00000000000002369938 0.000000000685 0.289024036384 0.42195192654656260567 0.00000000000002369938 0.374737025874 0.710975962931 0.289024037069
-0.71139792623308151231 -0.00000594305554837028 0.00000000000002365253 0.000000000683 0.288606130029 0.42278773925986262716 0.00000000000002365253 0.373877615615 0.711393869289 0.288606130711
-0.71181461758632724734 -0.00000595128461759624 0.00000000000002360600 0.000000000680 0.288189430449 0.42362113842216592152 0.00000000000002360600 0.373022377009 0.711810568871 0.288189431129
-0.71223010741699943615 -0.00000595948037091609 0.00000000000002355978 0.000000000678 0.287773932425 0.42445213447270718765 0.00000000000002355978 0.372171278109 0.712226066897 0.287773933103
-0.71264440091445646619 -0.00000596764301024310 0.00000000000002351388 0.000000000676 0.287359630767 0.42528073779060382442 0.00000000000002351388 0.371324287309 0.712640368557 0.287359631443
-0.71305750323821315284 -0.00000597577273586221 0.00000000000002346829 0.000000000673 0.286946520316 0.42610695869528947277 0.00000000000002346829 0.370481373337 0.713053479011 0.286946520989
-0.71346941951816089666 -0.00000598386974644642 0.00000000000002342300 0.000000000671 0.286534595941 0.42693080744694128503 0.00000000000002342300 0.369642505254 0.713465403388 0.286534596612
-0.71388015485477518407 -0.00000599193423907299 0.00000000000002337802 0.000000000669 0.286123852542 0.42775229424690586200 0.00000000000002337802 0.368807652445 0.713876146789 0.286123853211
-0.71428971431932808400 -0.00000599996640923941 0.00000000000002333333 0.000000000667 0.285714285048 0.42857142923811875068 0.00000000000002333333 0.367976784619 0.714285714286 0.285714285714
