Roots(3) BOH(i,1) B(i,1) H(i,1) OH(i,1) PH(i,1) FHCl(i,1) FBOH(i,1)
-1.00000000039811731689 -0.00000000000199026858 0.00000000000200026858 0.995000671360 0.004999328640 0.00000000000200026858 0.00499932864166076005 11.698911686976 0.000000000000 1.000000000000
-0.99002991066931389508 0.00000000000325141211 -0.00000000000123674358 0.986954323526 0.008060631608 0.00000000000325141211 0.00307558674594945059 11.487927980671 0.004985044865 0.995014955135
-0.98015873056087710058 0.00000000000487311122 -0.00000000000083348399 0.978106653053 0.011972712027 0.00000000000487311122 0.00205207711078708071 11.312193676206 0.009920634921 0.990079365079
-0.97038499546835854659 0.00000000000669771811 -0.00000000000061253240 0.968891949255 0.016300548278 0.00000000000669771811 0.00149304581630940801 11.174073134895 0.014807502468 0.985192497532
-0.96070726956146501596 0.00000000000863173675 -0.00000000000048007682 0.959548753758 0.020804880820 0.00000000000863173675 0.00115851540598501919 11.063901813430 0.019646365422 0.980353634578
-0.95112414508087828047 0.00000000001063301865 -0.00000000000039364634 0.950183677980 0.025378394357 0.00000000001063301865 0.00094046670353470450 10.973343424313 0.024437927664 0.975562072336
-0.94163424165559184154 0.00000000001268202402 -0.00000000000033337205 0.940845723591 0.029971397032 0.00000000001268202402 0.00078851766726343220 10.896811428431 0.029182879377 0.970817120623
-0.93223620564007958489 0.00000000001476898498 -0.00000000000028915013 0.931559110641 0.034558991973 0.00000000001476898498 0.00067709460159888783 10.830649351229 0.033881897386 0.966118102614
-0.92292870947061755871 0.00000000001688867297 -0.00000000000025540907 0.922336596240 0.039127758288 0.00000000001688867297 0.00059211283312189320 10.772404473839 0.038535645472 0.961464354528
-0.91371045104011905380 0.00000000001903814759 -0.00000000000022885833 0.913185189455 0.043670035856 0.00000000001903814759 0.00052526118696012388 10.720375310737 0.043144774688 0.956855225312
-0.90458015309087136391 0.00000000002121570985 -0.00000000000020744137 0.904108803864 0.048181272472 0.00000000002121570985 0.00047134882922555754 10.673342432683 0.047709923664 0.952290076336
-0.89553656262456693415 0.00000000002342037828 -0.00000000000018981161 0.895109583641 0.052658697461 0.00000000002342037828 0.00042697858592707086 10.630406094587 0.052231718898 0.947768281102
-0.88657845032906568150 0.00000000002565160920 -0.00000000000017505246 0.886188610841 0.057100614112 0.00000000002565160920 0.00038983909051449570 10.590885385176 0.056710775047 0.943289224953
-0.87770461002133848272 0.00000000002790913898 -0.00000000000016251939 0.877346304052 0.061506000746 0.00000000002790913898 0.00035830557183785420 10.554253561724 0.061147695202 0.938852304798
-0.86891385810605115125 0.00000000003019289078 -0.00000000000015174646 0.868582653913 0.065874274926 0.00000000003019289078 0.00033120379472478101 10.520095304014 0.065543071161 0.934456928839
-0.86020503304929352151 0.00000000003250291722 -0.00000000000014238875 0.859897367960 0.070205148350 0.00000000003250291722 0.00030766469152841605 10.488077658242 0.069897483691 0.930102516309
-0.85157699486694948821 0.00000000003483936383 -0.00000000000013418558 0.851289962821 0.074498534396 0.00000000003483936383 0.00028703164756701508 10.457929783863 0.074211502783 0.925788497217
-0.84302862462724204029 0.00000000003720244514 -0.00000000000012693640 0.842759824693 0.078754487403 0.00000000003720244514 0.00026879953618851878 10.429428515011 0.078485687904 0.921514312096
-0.83455882396699065939 0.00000000003959242862 -0.00000000000012048442 0.834306250025 0.082973161739 0.00000000003959242862 0.00025257354368928638 10.402387857575 0.082720588235 0.917279411765
-0.82616651462115531235 0.00000000004200962359 -0.00000000000011470534 0.825928473528 0.087154783563 0.00000000004200962359 0.00023804069510016860 10.376651209773 0.086916742909 0.913083257091
-0.81785063796522083912 0.00000000004445437354 -0.00000000000010949934 0.817625687822 0.091299630939 0.00000000004445437354 0.00022494974515931119 10.352085505499 0.091074681239 0.908925318761
-0.80961015457004270601 0.00000000004692705067 -0.00000000000010478540 0.809397057464 0.095408019598 0.00000000004692705067 0.00021309670768878794 10.328576739983 0.095194922937 0.904805077063
-0.80144404376873501494 0.00000000004942805193 -0.00000000000010049705 0.801241729106 0.099480292555 0.00000000004942805193 0.00020231426506785342 10.306026505716 0.099277978339 0.900722021661
-0.79335130323523339602 0.00000000005195779620 -0.00000000000009657923 0.793158838939 0.103516812454 0.00000000005195779620 0.00019246389821511787 10.284349277863 0.103324348607 0.896675651393
-0.78533094857417684587 0.00000000005451672226 -0.00000000000009298600 0.785147518220 0.107517955841 0.00000000005451672226 0.00018342995663535173 10.263470263390 0.107334525939 0.892665474061
-0.77738201292173036983 0.00000000005710528726 -0.00000000000008967868 0.777206897390 0.111484108843 0.00000000005710528726 0.00017511513347416775 10.243323679495 0.111308993767 0.888691006233
-0.76950354655703523399 0.00000000005972396568 -0.00000000000008662450 0.769336109186 0.115415663863 0.00000000005972396568 0.00016743697252629187 10.223851362804 0.115248226950 0.884751773050
-0.76169461652394532258 0.00000000006237324857 -0.00000000000008379551 0.761534290983 0.119313017049 0.00000000006237324857 0.00016032514305333917 10.205001636097 0.119152691968 0.880847308032
-0.75395430626272830210 0.00000000006505364306 -0.00000000000008116772 0.753800586572 0.123176566328 0.00000000006505364306 0.00015371929271308678 10.186728377539 0.123022847100 0.876977152900
-0.74628171525144648690 0.00000000006776567200 -0.00000000000007872043 0.746134147513 0.127006709880 0.00000000006776567200 0.00014756734057551135 10.168990250595 0.126859142607 0.873140857393
-0.73867595865669433142 0.00000000007050987382 -0.00000000000007643567 0.738534134150 0.130803844944 0.00000000007050987382 0.00014182410857820042 10.151750062529 0.130662020906 0.869337979094
-0.73113616699343564331 0.00000000007328680242 -0.00000000000007429780 0.730999716380 0.134568366881 0.00000000007328680242 0.00013645021572046792 10.134974226603 0.134431916739 0.865568083261
-0.72366148579364797389 0.00000000007609702728 -0.00000000000007229310 0.723530074218 0.138300668442 0.00000000007609702728 0.00013141117802884479 10.118632308525 0.138169257340 0.861830742660
-0.71625107528351283914 -0.00000000000007040952 0.00000000007894113352 0.716124398214 0.142001139189 0.00000000007894113352 0.00012667667100587623 10.102696641827 0.141874462597 0.858125537403
-0.70890411006889930690 0.00000000008181972209 -0.00000000000006863640 0.708781889749 0.145670165045 0.00000000008181972209 0.00012221992136901395 10.087141999978 0.145547945205 0.854452054795
-0.70161977882889503544 0.00000000008473341001 -0.00000000000006696432 0.701501761228 0.149308127945 0.00000000008473341001 0.00011801720241000075 10.071945315503 0.149190110827 0.850809889173
-0.69439728401713352035 0.00000000008768283068 -0.00000000000006538489 0.694283236206 0.152915405560 0.00000000008768283068 0.00011404741296463231 10.057085438250 0.152801358234 0.847198641766
-0.68723584157070694012 0.00000000009066863417 -0.00000000000006389062 0.687125549448 0.156492371093 0.00000000009066863417 0.00011029172427718825 10.042542926442 0.156382079459 0.843617920541
-0.68013468062641624368 0.00000000009369148762 -0.00000000000006247481 0.680027946946 0.160039393121 0.00000000009369148762 0.00010673328232920954 10.028299865329 0.159932659933 0.840067340067
-0.67309304324416974197 0.00000000009675207565 -0.00000000000006113144 0.672989685890 0.163556835484 0.00000000009675207565 0.00010335695573519815 10.014339709176 0.163453478625 0.836546521375
-0.66611018413729772281 0.00000000009985110077 -0.00000000000005985509 0.666010034618 0.167045057202 0.00000000009985110077 0.00010014912127485866 10.000647143074 0.166944908180 0.833055091820
-0.65918537040960001328 0.00000000010298928387 -0.00000000000005864087 0.659088272531 0.170504412423 0.00000000010298928387 0.00009709748066966784 9.987207961675 0.170407315046 0.829592684954
-0.65231788129891854489 0.00000000010616736475 -0.00000000000005748436 0.652223689997 0.173935250400 0.00000000010616736475 0.00009419090342221997 9.974008962408 0.173841059603 0.826158940397
-0.64550700792705750786 0.00000000010938610261 -0.00000000000005638153 0.645415588238 0.177337915472 0.00000000010938610261 0.00009141929149560912 9.961037851161 0.177246496290 0.822753503710
-0.63875205305585436300 0.00000000011264627663 -0.00000000000005532875 0.638663279195 0.180712747077 0.00000000011264627663 0.00008877346237393696 9.948283158717 0.180623973727 0.819376026273
-0.63205233084924261622 0.00000000011594868658 -0.00000000000005432267 0.631966085404 0.184060079764 0.00000000011594868658 0.00008624504765693824 9.935734166505 0.183973834832 0.816026165168
-0.62540716664112683265 0.00000000011929415343 -0.00000000000005336027 0.625323339838 0.187380243224 0.00000000011929415343 0.00008382640483453412 9.923380840440 0.187296416938 0.812703583062
-0.61881589670889713961 0.00000000012268352001 -0.00000000000005243875 0.618734385771 0.190673562324 0.00000000012268352001 0.00008151054028604246 9.911213771833 0.190592051906 0.809407948094
-0.61227786805244477364 0.00000000012611765168 -0.00000000000005155557 0.612198576613 0.193940357152 0.00000000012611765168 0.00007929104187326245 9.899224124458 0.193861066236 0.806138933764
-0.60579243817849903753 0.00000000012959743707 -0.00000000000005070838 0.605715275761 0.197180943065 0.00000000012959743707 0.00007716201976180712 9.887403587037 0.197103781175 0.802896218825
-0.59935897489015554918 0.00000000013312378882 -0.00000000000004989503 0.599283856438 0.200395630742 0.00000000013312378882 0.00007511805432270106 9.875744330485 0.200320512821 0.799679487179
-0.59297685608144379277 0.00000000013669764436 -0.00000000000004911354 0.592903701533 0.203584726240 0.00000000013669764436 0.00007315415014565932 9.864238969344 0.203511572227 0.796488427773
-0.58664546953678919916 0.00000000014031996673 -0.00000000000004836206 0.586574203443 0.206748531056 0.00000000014031996673 0.00007126569534393384 9.852880526935 0.206677265501 0.793322734499
-0.58036421273524241293 0.00000000014399174545 -0.00000000000004763891 0.580294763912 0.209887342185 0.00000000014399174545 0.00006944842545397788 9.841662403790 0.209817893903 0.790182106097
-0.57413249265933896659 0.00000000014771399737 -0.00000000000004694250 0.574064793870 0.213001452187 0.00000000014771399737 0.00006769839133605429 9.830578349008 0.212933753943 0.787066246057
-0.56794972560846512799 0.00000000015148776765 -0.00000000000004627139 0.567883713280 0.216091149250 0.00000000015148776765 0.00006601193056801653 9.819622434203 0.216025137471 0.783974862529
-0.56181533701659935875 0.00000000015531413069 -0.00000000000004562422 0.561750950977 0.219156717255 0.00000000015531413069 0.00006438564189680680 9.808789029779 0.219092331768 0.780907668232
-0.55572876127432568882 0.00000000015919419117 -0.00000000000004499973 0.555665944514 0.222198435845 0.00000000015919419117 0.00006281636237314853 9.798072783272 0.222135619641 0.777864380359
-0.54968944155498089543 0.00000000016312908509 -0.00000000000004439675 0.549628140010 0.225216580487 0.00000000016312908509 0.00006130114684642077 9.787468599550 0.225155279503 0.774844720497
-0.54369682964484322696 0.00000000016711998090 -0.00000000000004381419 0.543636991997 0.228211422543 0.00000000016711998090 0.00005983724954037734 9.776971622676 0.228151585460 0.771848414540
-0.53775038577724454392 0.00000000017116808060 -0.00000000000004325103 0.537691963272 0.231183229332 0.00000000017116808060 0.00005842210746752037 9.766577219276 0.231124807396 0.768875192604
-0.53184957847049918467 0.00000000017527462102 -0.00000000000004270632 0.531792524747 0.234132264202 0.00000000017527462102 0.00005705332547161592 9.756280963248 0.234075211051 0.765924788949
-0.52599388436955474280 0.00000000017944087500 -0.00000000000004217916 0.525938155309 0.237058786587 0.00000000017944087500 0.00005572866271493636 9.746078621694 0.237003058104 0.762996941896
-0.52018278809125384488 0.00000000018366815274 -0.00000000000004166872 0.520128341673 0.239963052082 0.00000000018366815274 0.00005444602045004643 9.735966141948 0.239908606245 0.760091393755
-0.51441578207312588233 0.00000000018795780317 -0.00000000000004117422 0.514362578244 0.242845312499 0.00000000018795780317 0.00005320343093592746 9.725939639598 0.242792109256 0.757207890744
-0.50869236642560022865 0.00000000019231121539 -0.00000000000004069492 0.508640366980 0.245705815937 0.00000000019231121539 0.00005199904737544978 9.715995387416 0.245653817082 0.754346182918
-0.50301204878756800021 0.00000000019672982014 -0.00000000000004023013 0.502961217255 0.248544806842 0.00000000019672982014 0.00005083113476607938 9.706129805102 0.248493975904 0.751506024096
-0.49737434418517884049 0.00000000020121509138 -0.00000000000003977920 0.497324645726 0.251362526067 0.00000000020121509138 0.00004969806156858523 9.696339449770 0.251312828207 0.748687171793
-0.49177877489382137988 0.00000000020576854794 -0.00000000000003934153 0.491730176204 0.254159210941 0.00000000020576854794 0.00004859829210969592 9.686621007115 0.254110612855 0.745889387145
-0.48622487030317307344 0.00000000021039175523 -0.00000000000003891653 0.486177339525 0.256935095322 0.00000000021039175523 0.00004753037964437858 9.676971283194 0.256887565153 0.743112434847
-0.48071216678526174082 0.00000000021508632699 -0.00000000000003850367 0.480665673427 0.259690409659 0.00000000021508632699 0.00004649296001189092 9.667387196773 0.259643916914 0.740356083086
-0.47524020756544699262 0.00000000021985392725 -0.00000000000003810242 0.475194722422 0.262425381052 0.00000000021985392725 0.00004548474582716426 9.657865772177 0.262379896526 0.737620103474
-0.46980854259625615121 0.00000000022469627221 -0.00000000000003771232 0.469764037677 0.265140233310 0.00000000022469627221 0.00004450452115555479 9.648404132625 0.265095729013 0.734904270987
-0.46441672843399450787 0.00000000022961513235 -0.00000000000003733289 0.464373176899 0.267835187004 0.00000000022961513235 0.00004355113662468709 9.638999493979 0.267791636097 0.732208363903
-0.45906432811806308081 0.00000000023461233458 -0.00000000000003696371 0.459021704215 0.270510459528 0.00000000023461233458 0.00004262350493210587 9.629649158895 0.270467836257 0.729532163743
-0.45375091105290960014 0.00000000023968976448 -0.00000000000003660438 0.453709190058 0.273166265149 0.00000000023968976448 0.00004172059671184905 9.620350511327 0.273124544792 0.726875455208
-0.44847605289255754180 0.00000000024484936871 -0.00000000000003625449 0.448435211058 0.275802815067 0.00000000024484936871 0.00004084143672693271 9.611101011368 0.275761973875 0.724238026125
-0.44323933542762922189 0.00000000025009315746 -0.00000000000003591368 0.443199349929 0.278420317461 0.00000000025009315746 0.00003998510035816030 9.601898190386 0.278380332610 0.721619667390
-0.43804034647482037457 0.00000000025542320707 -0.00000000000003558160 0.438001195366 0.281018977544 0.00000000025542320707 0.00003915071036269987 9.592739646440 0.280979827089 0.719020172911
-0.43287867976874838671 0.00000000026084166279 -0.00000000000003525793 0.432840341937 0.283598997618 0.00000000026084166279 0.00003833743387855842 9.583623039954 0.283560660445 0.716439339555
-0.42775393485612545064 0.00000000026635074163 -0.00000000000003494235 0.427716389978 0.286160577117 0.00000000026635074163 0.00003754447965346525 9.574546089615 0.286123032904 0.713876967096
-0.42266571699219229741 0.00000000027195273542 -0.00000000000003463455 0.422628945499 0.288703912662 0.00000000027195273542 0.00003677109547879504 9.565506568496 0.288667141839 0.711332858161
-0.41761363703935927560 0.00000000027765001395 -0.00000000000003433426 0.417577620075 0.291229198106 0.00000000027765001395 0.00003601656581105027 9.556502300365 0.291193181818 0.708806818182
-0.41259731136800070761 0.00000000028344502834 -0.00000000000003404119 0.412562030760 0.293736624583 0.00000000028344502834 0.00003528020956510296 9.547531156185 0.293701344657 0.706298655343
-0.40761636175934601312 0.00000000028934031453 -0.00000000000003375510 0.407581799983 0.296226380553 0.00000000028934031453 0.00003456137806489963 9.538591050764 0.296191819464 0.703808180536
-0.40267041531041858349 0.00000000029533849702 -0.00000000000003347574 0.402636555459 0.298698651849 0.00000000029533849702 0.00003385945313867730 9.529679939574 0.298664792691 0.701335207309
-0.39775910434097283552 0.00000000030144229273 -0.00000000000003320287 0.397725930098 0.301153621723 0.00000000030144229273 0.00003317384534694051 9.520795815691 0.301120448179 0.698879551821
-0.39288206630237915151 0.00000000030765451510 -0.00000000000003293628 0.392849561912 0.303591470886 0.00000000030765451510 0.00003250399233253049 9.511936706871 0.303558967202 0.696441032798
-0.38803894368840857743 0.00000000031397807846 -0.00000000000003267573 0.388007093933 0.306012377555 0.00000000031397807846 0.00003184935728308308 9.503100672740 0.305980528512 0.694019471488
-0.38322938394787398053 0.00000000032041600253 -0.00000000000003242104 0.383198174122 0.308416517492 0.00000000032041600253 0.00003120942749704738 9.494285802079 0.308385308385 0.691614691615
-0.37845303939907948276 0.00000000032697141728 -0.00000000000003217201 0.378422455288 0.310804064049 0.00000000032697141728 0.00003058371304521717 9.485490210218 0.310773480663 0.689226519337
-0.37370956714603814630 0.00000000033364756795 -0.00000000000003192845 0.373679595002 0.313175188205 0.00000000033364756795 0.00002997174552043579 9.476712036500 0.313145216793 0.686854783207
-0.36899862899641094893 0.00000000034044782045 -0.00000000000003169018 0.368969255521 0.315530058607 0.00000000034044782045 0.00002937307686877224 9.467949441829 0.315500685871 0.684499314129
-0.36431989138113152205 0.00000000034737566703 -0.00000000000003145703 0.364291103705 0.317868841613 0.00000000034737566703 0.00002878727829604240 9.459200606285 0.317840054682 0.682159945318
-0.35967302527567140968 0.00000000035443473219 -0.00000000000003122884 0.359644810938 0.320191701323 0.00000000035443473219 0.00002821393924406922 9.450463726798 0.320163487738 0.679836512262
-0.35505770612290915578 0.00000000036162877908 -0.00000000000003100545 0.355030053058 0.322498799623 0.00000000036162877908 0.00002765266643154878 9.441737014869 0.322471147318 0.677528852682
-0.35047361375756597157 0.00000000036896171615 -0.00000000000003078672 0.350446510277 0.324790296219 0.00000000036896171615 0.00002710308295481483 9.433018694347 0.324763193505 0.675236806495
-0.34592043233216762665 0.00000000037643760423 -0.00000000000003057249 0.345893867107 0.327066348672 0.00000000037643760423 0.00002656482744418360 9.424306999230 0.327039784221 0.672960215779
-0.34139785024450319817 0.00000000038406066406 -0.00000000000003036263 0.341371812293 0.329327112438 0.00000000038406066406 0.00002603755327191197 9.415600171508 0.329301075269 0.670698924731
-0.33690556006653665788 0.00000000039183528417 -0.00000000000003015701 0.336880038741 0.331572740898 0.00000000039183528417 0.00002552092780812292 9.406896459023 0.331547220362 0.668452779638
-0.33244325847474576197 0.00000000039976602939 -0.00000000000002995550 0.332418243445 0.333803385394 0.00000000039976602939 0.00002501463172134327 9.398194113353 0.333778371162 0.666221628838
-0.32801064618185005184 0.00000000040785764974 -0.00000000000002975798 0.327986127425 0.336019195263 0.00000000040785764974 0.00002451835832056395 9.389491387698 0.335994677312 0.664005322688
-0.32360742786989554753 0.00000000041611508989 -0.00000000000002956433 0.323583395659 0.338220317869 0.00000000041611508989 0.00002403181293597601 9.380786534782 0.338196286472 0.661803713528
-0.31923331212467026541 0.00000000042454349930 -0.00000000000002937444 0.319209757014 0.340406898637 0.00000000042454349930 0.00002355471233575571 9.372077804743 0.340383344349 0.659616655651
-0.31488801137141081421 0.00000000043314824289 -0.00000000000002918820 0.314864924189 0.342579081081 0.00000000043314824289 0.00002308678417647397 9.363363443022 0.342555994730 0.657444005270
-0.31057124181177941935 0.00000000044193491243 -0.00000000000002900551 0.310548613647 0.344737006839 0.00000000044193491243 0.00002262776648489075 9.354641688238 0.344714379514 0.655285620486
-0.30628272336207701398 0.00000000045090933867 -0.00000000000002882626 0.306260545557 0.346880815700 0.00000000045090933867 0.00002217740716906282 9.345910770037 0.346858638743 0.653141361257
-0.30202217959266391967 0.00000000046007760423 -0.00000000000002865036 0.302000443731 0.349010645636 0.00000000046007760423 0.00002173546355684875 9.337168906916 0.348988910633 0.651011089367
-0.29778933766856524601 0.00000000046944605735 -0.00000000000002847772 0.297768035569 0.351126632832 0.00000000046944605735 0.00002130170196003690 9.328414304017 0.351105331599 0.648894668401
-0.29358392829122859080 0.00000000047902132657 -0.00000000000002830824 0.293563051996 0.353228911711 0.00000000047902132657 0.00002087589726245158 9.319645150875 0.353208036293 0.646791963707
-0.28940568564141128105 0.00000000048881033634 -0.00000000000002814184 0.289385227411 0.355317614966 0.00000000048881033634 0.00002045783253051286 9.310859619117 0.355297157623 0.644702842377
-0.28525434732317112019 0.00000000049882032373 -0.00000000000002797845 0.285234299626 0.357392873587 0.00000000049882032373 0.00002004729864483500 9.302055860114 0.357372826787 0.642627173213
-0.28112965430893538388 0.00000000050905885630 -0.00000000000002781796 0.281110009817 0.359454816884 0.00000000050905885630 0.00001964409395154916 9.293232002559 0.359435173299 0.640564826701
-0.27703135088562363952 0.00000000051953385112 -0.00000000000002766032 0.277012102464 0.361503572520 0.00000000051953385112 0.00001924802393212963 9.284386149978 0.361484325016 0.638515674984
-0.27295918460180285114 0.00000000053025359527 -0.00000000000002750544 0.272940325303 0.363539266534 0.00000000053025359527 0.00001885890089058811 9.275516378165 0.363520408163 0.636479591837
-0.26891290621584834630 0.00000000054122676761 -0.00000000000002735326 0.268894429274 0.365562023364 0.00000000054122676761 0.00001847654365697919 9.266620732518 0.365543547362 0.634456452638
-0.26489226964509249296 0.00000000055246246229 -0.00000000000002720370 0.264874168470 0.367571965878 0.00000000055246246229 0.00001810077730623364 9.257697225287 0.367553865653 0.632446134347
-0.26089703191593532905 0.00000000056397021387 -0.00000000000002705669 0.260879300085 0.369569215392 0.00000000056397021387 0.00001773143289140311 9.248743832707 0.369551484523 0.630448515477
-0.25692695311489838206 0.00000000057576002428 -0.00000000000002691218 0.256909584370 0.371553891701 0.00000000057576002428 0.00001736834719046136 9.239758492010 0.371536523929 0.628463476071
-0.25298179634059952958 0.00000000058784239182 -0.00000000000002677009 0.252964784580 0.373526113097 0.00000000058784239182 0.00001701136246586554 9.230739098310 0.373509102323 0.626490897677
-0.24906132765663180351 0.00000000060022834237 -0.00000000000002663037 0.249044666932 0.375485996397 0.00000000060022834237 0.00001666032623613337 9.221683501342 0.375469336671 0.624530663329
-0.24516531604532076916 0.00000000061292946291 -0.00000000000002649296 0.245149000556 0.377433656961 0.00000000061292946291 0.00001631509105874144 9.212589502040 0.377417342483 0.622582657517
-0.24129353336234718452 0.00000000062595793772 -0.00000000000002635780 0.241277557450 0.379369208719 0.00000000062595793772 0.00001597551432369564 9.203454848949 0.379353233831 0.620646766169
-0.23744575429221209673 0.00000000063932658729 -0.00000000000002622484 0.237430112436 0.381292764191 0.00000000063932658729 0.00001564145805716638 9.194277234444 0.381277123373 0.618722876627
-0.23362175630452930442 0.00000000065304891051 -0.00000000000002609402 0.233606443118 0.383204434509 0.00000000065304891051 0.00001531278873462095 9.185054290748 0.383189122373 0.616810877627
-0.22982131961112303720 0.00000000066713913002 -0.00000000000002596530 0.229806329836 0.385104329437 0.00000000066713913002 0.00001498937710292154 9.175783585725 0.385089340727 0.614910659273
-0.22604422712391963879 0.00000000068161224147 -0.00000000000002583861 0.226029555628 0.386992557394 0.00000000068161224147 0.00001467109801089067 9.166462618426 0.386977886978 0.613022113022
-0.22229026441361027233 0.00000000069648406670 -0.00000000000002571392 0.222275906185 0.388869225474 0.00000000069648406670 0.00001435783024787822 9.157088814379 0.388854868340 0.611145131660
-0.21855921966907140841 0.00000000071177131146 -0.00000000000002559118 0.218545169815 0.390734439465 0.00000000071177131146 0.00001404945638989192 9.147659520580 0.390720390720 0.609279609280
-0.21485088365752694206 0.00000000072749162803 -0.00000000000002547035 0.214837137397 0.392588303869 0.00000000072749162803 0.00001374586265288179 9.138172000173 0.392574558734 0.607425441266
-0.21116504968543470255 0.00000000074366368315 -0.00000000000002535137 0.211151602349 0.394430921923 0.00000000074366368315 0.00001344693875279303 9.128623426785 0.394417475728 0.605582524272
-0.20750151356008314507 0.00000000076030723204 -0.00000000000002523420 0.207488360584 0.396262395617 0.00000000076030723204 0.00001315257777202607 9.119010878488 0.396249243799 0.603750756201
-0.20386007355188226486 0.00000000077744319885 -0.00000000000002511882 0.203847210478 0.398082825710 0.00000000077744319885 0.00001286267603196411 9.109331331342 0.398069963812 0.601930036188
-0.20024053035733715977 0.00000000079509376444 -0.00000000000002500516 0.200227952826 0.399892311756 0.00000000079509376444 0.00001257713297124902 9.099581652502 0.399879735418 0.600120264582
-0.19664268706268370202 0.00000000081328246219 -0.00000000000002489320 0.196630390814 0.401690952112 0.00000000081328246219 0.00001229585102950530 9.089758592825 0.401678657074 0.598321342926
-0.19306634910817999096 0.00000000083203428263 -0.00000000000002478290 0.193054329975 0.403478843964 0.00000000083203428263 0.00001201873553622991 9.079858778938 0.403466826061 0.596533173939
-0.18951132425303396367 0.00000000085137578804 -0.00000000000002467423 0.189499578160 0.405256083341 0.00000000085137578804 0.00001174569460458213 9.069878704725 0.405244338498 0.594755661502
-0.18597742254095661618 0.00000000087133523796 -0.00000000000002456713 0.185965945504 0.407022765132 0.00000000087133523796 0.00001147663902982308 9.059814722164 0.407011289364 0.592988710636
-0.18246445626632884496 0.00000000089194272698 -0.00000000000002446159 0.182453244386 0.408778983102 0.00000000089194272698 0.00001121148219216945 9.049663031447 0.408767772512 0.591232227488
-0.17897223994096464472 0.00000000091323033614 -0.00000000000002435757 0.178961289403 0.410524829912 0.00000000091323033614 0.00001095013996383876 9.039419670330 0.410513880685 0.589486119315
-0.17550059026146597185 0.00000000093523229957 -0.00000000000002425504 0.175489897333 0.412260397131 0.00000000093523229957 0.00001069253062007727 9.029080502615 0.412249705536 0.587750294464
-0.17204932607714870652 -0.00000000000002415395 0.00000000095798518818 0.172038887104 0.413985775256 0.00000000095798518818 0.00001043857475397224 9.018641205684 0.413975337639 0.586024662361
-0.16861826835853410689 0.00000000098152811256 -0.00000000000002405429 0.168608079765 0.415701053724 0.00000000098152811256 0.00001018819519486272 9.008097256986 0.415690866511 0.584309133489
-0.16520724016639129483 0.00000000100590294729 -0.00000000000002395603 0.165197298451 0.417406320930 0.00000000100590294729 0.00000994131693017219 8.997443919369 0.417396380619 0.582603619381
-0.16181606662132172469 0.00000000103115457951 -0.00000000000002385913 0.161806368356 0.419101664240 0.00000000103115457951 0.00000969786703049721 8.986676225117 0.419091967404 0.580908032596
-0.15844457487387089700 0.00000000105733118481 -0.00000000000002376356 0.158435116701 0.420787170008 0.00000000105733118481 0.00000945777457779480 8.975788958571 0.420777713291 0.579222286709
-0.15509259407516051699 0.00000000108448453396 -0.00000000000002366931 0.155083372706 0.422462923590 0.00000000108448453396 0.00000922097059651989 8.964776637163 0.422453703704 0.577546296296
-0.15175995534803018994 0.00000000111267033468 -0.00000000000002357634 0.151750967562 0.424129009357 0.00000000111267033468 0.00000898738798757278 8.953633490686 0.424120023081 0.575879976919
-0.14844649175867438706 0.00000000114194861312 -0.00000000000002348462 0.148437734399 0.425785510710 0.00000000114194861312 0.00000875696146492331 8.942353438596 0.425776754891 0.574223245109
-0.14515203828876963033 0.00000000117238414059 -0.00000000000002339413 0.145143508263 0.427432510096 0.00000000117238414059 0.00000852962749478644 8.930930065108 0.427423981641 0.572576018359
-0.14187643180808043319 0.00000000120404691188 -0.00000000000002330485 0.141868126086 0.429070089017 0.00000000120404691188 0.00000830532423722996 8.919356591838 0.429061784897 0.570938215103
-0.13861951104753247876 0.00000000123701268269 -0.00000000000002321675 0.138611426658 0.430698328048 0.00000000123701268269 0.00000808399149010160 8.907625847668 0.430690245294 0.569309754706
-0.13538111657274670696 0.00000000127136357473 -0.00000000000002312981 0.135373250604 0.432317306848 0.00000000127136357473 0.00000786557063516907 8.895730235505 0.432309442548 0.567690557452
-0.13216109075802384698 0.00000000130718875879 -0.00000000000002304401 0.132153440355 0.433927104171 0.00000000130718875879 0.00000765000458637152 8.883661695524 0.433919455474 0.566080544526
-0.12895927776076904214 0.00000000134458522767 -0.00000000000002295932 0.128951840125 0.435527797884 0.00000000134458522767 0.00000743723774008647 8.871411664445 0.435520361991 0.564479638009
-0.12577552349635090501 0.00000000138365867307 -0.00000000000002287573 0.125768295882 0.437119464975 0.00000000138365867307 0.00000722721592732148 8.858971030316 0.437112239143 0.562887760857
-0.12260967561338498300 0.00000000142452448318 -0.00000000000002279320 0.122602655329 0.438702181566 0.00000000142452448318 0.00000701988636774403 8.846330082178 0.438695163105 0.561304836895
-0.11946158346943154538 0.00000000146730888076 -0.00000000000002271173 0.119454767874 0.440276022928 0.00000000146730888076 0.00000681519762546766 8.833478453921 0.440269209198 0.559730790802
-0.11633109810710269560 0.00000000151215022538 -0.00000000000002263129 0.116324484609 0.441841063489 0.00000000151215022538 0.00000661309956651670 8.820405061471 0.441834451902 0.558165548098
-0.11321807223057016312 0.00000000155920050810 -0.00000000000002255186 0.113211658289 0.443397376847 0.00000000155920050810 0.00000641354331789568 8.807098032365 0.443390964863 0.556609035137
-0.11012236018246251978 -0.00000000000002247342 0.00000000160862707260 0.110116143303 0.444945035785 0.00000000160862707260 0.00000621648122819312 8.793544626555 0.444938820912 0.555061179088
-0.10704381792115086336 0.00000000166061460389 -0.00000000000002239595 0.107037795656 0.446484112275 0.00000000166061460389 0.00000602186682965329 8.779731147094 0.446478092069 0.553521907931
-0.10398230299840797997 0.00000000171536743431 -0.00000000000002231945 0.103976472946 0.448014677497 0.00000000171536743431 0.00000582965480165218 8.765642839120 0.448008849558 0.551991150442
-0.10093767453744087459 0.00000000177311222760 -0.00000000000002224388 0.100932034338 0.449536801845 0.00000000177311222760 0.00000563980093551768 8.751263775237 0.449531163817 0.550468836183
-0.09790979321128411017 0.00000000183410111536 -0.00000000000002216923 0.097904340551 0.451050554938 0.00000000183410111536 0.00000545226210063650 8.736576725028 0.451045104510 0.548954895490
-0.09489852122154956993 0.00000000189861537732 -0.00000000000002209549 0.094893253827 0.452556005635 0.00000000189861537732 0.00000526699621179319 8.721563005998 0.452550740538 0.547449259462
-0.09190372227752746648 0.00000000196696977891 -0.00000000000002202263 0.091898637917 0.454053222039 0.00000000196696977891 0.00000508396219768959 8.706202312654 0.454048140044 0.545951859956
-0.08892526157562798128 0.00000000203951770709 -0.00000000000002195065 0.088920358058 0.455542271511 0.00000000203951770709 0.00000490311997059487 8.690472519787 0.455537370431 0.544462629569
-0.08596300577916032859 0.00000000211665728131 -0.00000000000002187952 0.085958280951 0.457023220682 0.00000000211665728131 0.00000472443039707943 8.674349455106 0.457018498368 0.542981501632
-0.08301682299844323487 0.00000000219883866279 -0.00000000000002180924 0.083012274745 0.458496135456 0.00000000219883866279 0.00000454785526978759 8.657806635318 0.458491589799 0.541508410201
-0.08008658277123845148 0.00000000228657284537 -0.00000000000002173978 0.080082209016 0.459961081027 0.00000000228657284537 0.00000437335728020638 8.640814958361 0.459956709957 0.540043290043
-0.07717215604350341485 0.00000000238044229049 -0.00000000000002167114 0.077167954745 0.461418121887 0.00000000238044229049 0.00000420089999238963 8.623342342745 0.461413923368 0.538586076632
-0.07427341515045883524 0.00000000248111387433 -0.00000000000002160329 0.074269384305 0.462867321831 0.00000000248111387433 0.00000403044781759877 8.605353302694 0.462863293864 0.537136706136
-0.07139023379796105573 0.00000000258935475516 -0.00000000000002153623 0.071386371434 0.464308743971 0.00000000258935475516 0.00000386196598982283 8.586808444871 0.464304884595 0.535695115405
-0.06852248704418038849 0.00000000270605195971 -0.00000000000002146994 0.068518791226 0.465742450744 0.00000000270605195971 0.00000369542054214278 8.567663868641 0.465738758030 0.534261241970
-0.06567005128157704652 0.00000000283223674666 -0.00000000000002140440 0.065666520105 0.467168503920 0.00000000283223674666 0.00000353077828390631 8.547870446790 0.467164975974 0.532835024026
-0.06283280421917124270 0.00000000296911516429 -0.00000000000002133961 0.062829435814 0.468586964612 0.00000000296911516429 0.00000336800677868080 8.527372956919 0.468583599574 0.531416400426
-0.06001062486510389676 0.00000000311810672064 -0.00000000000002127555 0.060007417393 0.469997893282 0.00000000311810672064 0.00000320707432295404 8.506109024685 0.469994689326 0.530005310674
-0.05720339350948808882 0.00000000328089379558 -0.00000000000002121222 0.057200345161 0.471401349754 0.00000000328089379558 0.00000304794992555336 8.484007827748 0.471398305085 0.528601694915
-0.05441099170754500058 0.00000000345948544456 -0.00000000000002114959 0.054408100706 0.472797393219 0.00000000345948544456 0.00000289060328775518 8.460988492307 0.472794506075 0.527205493925
-0.05163330226302742521 0.00000000365630073420 -0.00000000000002108765 0.051630566860 0.474186082244 0.00000000365630073420 0.00000273500478405856 8.436958090336 0.474183350896 0.525816649104
-0.04887020921193416245 0.00000000387427896029 -0.00000000000002102640 0.048867627688 0.475567474781 0.00000000387427896029 0.00000258112544359754 8.411809111920 0.475564897530 0.524435102470
-0.04612159780651824831 0.00000000411702744010 -0.00000000000002096582 0.046119168471 0.476941628174 0.00000000411702744010 0.00000242893693216798 8.385416238409 0.476939203354 0.523060796646
-0.04338735449960249430 0.00000000438902272353 -0.00000000000002090591 0.043385075690 0.478308599166 0.00000000438902272353 0.00000227841153484674 8.357632170652 0.478306325144 0.521693674856
-0.04066736692922059276 0.00000000469588919317 -0.00000000000002084664 0.040665237009 0.479668443909 0.00000000469588919317 0.00000212952213918150 8.328282159495 0.479666319082 0.520333680918
-0.03796152390361694218 0.00000000504479215733 -0.00000000000002078802 0.037959541263 0.481021217967 0.00000000504479215733 0.00000198224221893202 8.297156721753 0.481019240770 0.518980759230
-0.03526971538665919781 0.00000000544500436641 -0.00000000000002073002 0.035267878443 0.482366976329 0.00000000544500436641 0.00000183654581834508 8.264001767642 0.482365145228 0.517634854772
-0.03259183248375591840 0.00000000590874229858 -0.00000000000002067265 0.032590139678 0.483705773410 0.00000000590874229858 0.00000169240753694826 8.228504950746 0.483704086912 0.516295913088
-0.02992776742843686680 0.00000000645243500650 -0.00000000000002061589 0.029926217228 0.485037663061 0.00000000645243500650 0.00000154980251485204 8.190276361284 0.485036119711 0.514963880289
-0.02727741356988066385 0.00000000709871117805 -0.00000000000002055973 0.027276004465 0.486362698571 0.00000000709871117805 0.00000140870641855661 8.148820493403 0.486361296963 0.513638703037
-0.02464066536190366238 0.00000000787962810763 -0.00000000000002050415 0.024639395868 0.487680932674 0.00000000787962810763 0.00000126909542727215 8.103494279289 0.487679671458 0.512320328542
-0.02201741835442342851 0.00000000884215343315 -0.00000000000002044916 0.022016287010 0.488992417547 0.00000000884215343315 0.00000113094621978716 8.053441953285 0.488991295443 0.511008704557
-0.01940756918946269505 0.00000001005797454777 -0.00000000000002039475 0.019406574555 0.490297204811 0.00000001005797454777 0.00000099423596197302 7.997489467719 0.490296220633 0.509703779367
-0.01681101560628291830 0.00000001164222562631 -0.00000000000002034089 0.016810156266 0.491595345517 0.00000001164222562631 0.00000085894229514028 7.933963988344 0.491594498217 0.508405501783
-0.01422765646678879337 0.00000001379227922563 -0.00000000000002028760 0.014226931025 0.492886890113 0.00000001379227922563 0.00000072504332579193 7.860363959109 0.492886178862 0.507113821138
-0.01165739183173506582 0.00000001687713528046 -0.00000000000002023484 0.011656798916 0.494171888362 0.00000001687713528046 0.00000059251761829375 7.772701268461 0.494171312722 0.505828687278
-0.00910012318611180468 0.00000002167579022326 -0.00000000000002018263 0.009099661444 0.495450389112 0.00000002167579022326 0.00000046134419539038 7.664025060710 0.495449949444 0.504550050556
-0.00655575421479970884 0.00000003016567895520 -0.00000000000002013095 0.006555422314 0.496722439511 0.00000003016567895520 0.00000033150256670338 7.520486895337 0.496722138174 0.503277861826
-0.00402419453496172079 0.00000004926765937739 -0.00000000000002007979 0.004023991164 0.497988081271 0.00000004926765937739 0.00000020297290608836 7.307438069826 0.497987927565 0.502012072435
-0.00150540087155092285 0.00000013203392538329 -0.00000000000002002914 0.001505324735 0.499247309484 0.00000013203392538329 0.00000007573811026954 6.879314464902 0.499247365780 0.500752634220
0.00100119962697730941 -0.00000019902406348019 -0.00000000000001997900 0.000000198616 0.499499300884 0.00100119962697730941 0.00000000000998801810 2.999479320871 0.500500500501 0.499499499499
0.00349481462384632112 -0.00000005715872834794 -0.00000000000001992936 0.000000056758 0.498252564311 0.00349481462384632112 0.00000000000286138210 2.456575855677 0.501747378932 0.498252621068
0.00597612872826401749 -0.00000003350882131810 -0.00000000000001988021 0.000000033109 0.497011919082 0.00597612872826401749 0.00000000000167332406 2.223580056211 0.502988047809 0.497011952191
0.00844513017811366305 -0.00000002377043838889 -0.00000000000001983154 0.000000023371 0.495777423226 0.00844513017811366305 0.00000000000118411437 2.073393651575 0.504222553403 0.495777446597
0.01090190111300287645 -0.00000001845856299951 -0.00000000000001978335 0.000000018060 0.494549040414 0.01090190111300287645 0.00000000000091727121 1.962497761610 0.505450941526 0.494549058474
0.01334652979257197787 -0.00000001511404062980 -0.00000000000001973563 0.000000014715 0.493326727746 0.01334652979257197787 0.00000000000074925843 1.874631639756 0.506673257538 0.493326742462
0.01577910511876071120 -0.00000001281467852993 -0.00000000000001968838 0.000000012416 0.492110441233 0.01577910511876071120 0.00000000000063374950 1.801917630595 0.507889546351 0.492110453649
0.01819971560832765040 -0.00000001113676436891 -0.00000000000001964158 0.000000010738 0.490900136827 0.01819971560832765040 0.00000000000054945914 1.739935398317 0.509099852435 0.490900147565
0.02060844910697782334 -0.00000000985835295969 -0.00000000000001959523 0.000000009460 0.489695770717 0.02060844910697782334 0.00000000000048523787 1.685954689910 0.510304219823 0.489695780177
0.02300539269272054363 -0.00000000885194364950 -0.00000000000001954932 0.000000008453 0.488497299427 0.02300539269272054363 0.00000000000043468069 1.638170349105 0.511502692119 0.488497307881
0.02539063264098683284 -0.00000000803907440537 -0.00000000000001950385 0.000000007641 0.487304679859 0.02539063264098683284 0.00000000000039384604 1.595326477974 0.512695312500 0.487304687500
0.02776425441349266582 -0.00000000736881368995 -0.00000000000001945882 0.000000006970 0.486117869308 0.02776425441349266582 0.00000000000036017535 1.556513984660 0.513882123721 0.486117876279
0.03012634265735699909 -0.00000000680665947313 -0.00000000000001941420 0.000000006408 0.484936825467 0.03012634265735699909 0.00000000000033193541 1.521053588544 0.515063168124 0.484936831876
0.03247698120904138341 -0.00000000632840882725 -0.00000000000001937001 0.000000005930 0.483761506431 0.03247698120904138341 0.00000000000030791039 1.488424345970 0.516238487639 0.483761512361
0.03481625310069902390 -0.00000000591658185392 -0.00000000000001932623 0.000000005518 0.482591870691 0.03481625310069902390 0.00000000000028722218 1.458217969153 0.517408123791 0.482591876209
0.03714424056777287236 -0.00000000555823888453 -0.00000000000001928285 0.000000005160 0.481427877136 0.03714424056777287236 0.00000000000026922074 1.430108516588 0.518572117704 0.481427882296
0.03946102505725042342 -0.00000000524359626500 -0.00000000000001923988 0.000000004845 0.480269485049 0.03946102505725042342 0.00000000000025341460 1.403831637509 0.519730510106 0.480269489894
0.04176668723625864832 -0.00000000496511945576 -0.00000000000001919731 0.000000004567 0.479116654099 0.04176668723625864832 0.00000000000023942526 1.379169969841 0.520883341335 0.479116658665
0.04406130700081618834 -0.00000000471691185975 -0.00000000000001915512 0.000000004319 0.477969344340 0.04406130700081618834 0.00000000000022695650 1.355942624416 0.522030651341 0.477969348659
0.04634496348464243326 -0.00000000449429267251 -0.00000000000001911332 0.000000004096 0.476827516210 0.04634496348464243326 0.00000000000021577318 1.333997455687 0.523172479694 0.476827520306
0.04861773506795604577 -0.00000000429349889398 -0.00000000000001907190 0.000000003895 0.475691130519 0.04861773506795604577 0.00000000000020568626 1.313205277299 0.524308865586 0.475691134414
0.05087969938623115168 -0.00000000411147088835 -0.00000000000001903085 0.000000003713 0.474560148450 0.05087969938623115168 0.00000000000019654204 1.293455463305 0.525439847836 0.474560152164
0.05313093333887860398 -0.00000000394569538310 -0.00000000000001899018 0.000000003547 0.473434531557 0.05313093333887860398 0.00000000000018821427 1.274652554872 0.526565464896 0.473434535104
0.05537151309784614506 -0.00000000379408872485 -0.00000000000001894987 0.000000003396 0.472314241753 0.05537151309784614506 0.00000000000018059828 1.256713608670 0.527685754851 0.472314245149
0.05760151411612191019 -0.00000000365490884262 -0.00000000000001890991 0.000000003257 0.471199241314 0.05760151411612191019 0.00000000000017360655 1.239566100541 0.528800755430 0.471199244570
0.05982101113613621374 -0.00000000352668800723 -0.00000000000001887032 0.000000003128 0.470089492868 0.05982101113613621374 0.00000000000016716535 1.223146250497 0.529910504004 0.470089495996
0.06203007819806244383 -0.00000000340818087267 -0.00000000000001883107 0.000000003010 0.468984959396 0.06203007819806244383 0.00000000000016121211 1.207397671342 0.531015037594 0.468984962406
0.06422878864800858623 -0.00000000329832389523 -0.00000000000001879217 0.000000002900 0.467885604226 0.06422878864800858623 0.00000000000015569342 1.192270268683 0.532114392874 0.467885607126
0.06641721514610371413 -0.00000000319620332604 -0.00000000000001875361 0.000000002798 0.466791391028 0.06641721514610371413 0.00000000000015056337 1.177719338193 0.533208606174 0.466791393826
0.06859542967447644635 -0.00000000310102973578 -0.00000000000001871539 0.000000002703 0.465702283811 0.06859542967447644635 0.00000000000014578231 1.163704819181 0.534297713486 0.465702286514
0.07076350354512787877 -0.00000000301211756739 -0.00000000000001867750 0.000000002614 0.464618246921 0.07076350354512787877 0.00000000000014131578 1.150190673040 0.535381750466 0.464618249534
0.07292150740769601236 -0.00000000292886859593 -0.00000000000001863994 0.000000002531 0.463539245031 0.07292150740769601236 0.00000000000013713375 1.137144362342 0.536460752438 0.463539247562
0.07506951125711842920 -0.00000000285075845133 -0.00000000000001860270 0.000000002453 0.462465243145 0.07506951125711842920 0.00000000000013320987 1.124536411615 0.537534754402 0.462465245598
0.07720758444118798469 -0.00000000277732556237 -0.00000000000001856578 0.000000002379 0.461396206590 0.07720758444118798469 0.00000000000012952095 1.112340034908 0.538603791031 0.461396208969
0.07933579566800696981 -0.00000000270816202887 -0.00000000000001852918 0.000000002310 0.460332101011 0.07933579566800696981 0.00000000000012604651 1.100530818313 0.539667896679 0.460332103321
0.08145421301334011821 -0.00000000264290604106 -0.00000000000001849289 0.000000002245 0.459272892371 0.08145421301334011821 0.00000000000012276836 1.089086447990 0.540727105384 0.459272894616
0.08356290392786677734 -0.00000000258123554848 -0.00000000000001845690 0.000000002183 0.458218546945 0.08356290392786677734 0.00000000000011967033 1.077986476088 0.541781450872 0.458218549128
0.08566193524433440842 -0.00000000252286294457 -0.00000000000001842122 0.000000002125 0.457169031316 0.08566193524433440842 0.00000000000011673797 1.067212118400 0.542830966560 0.457169033440
0.08775137318461551095 -0.00000000246753058179 -0.00000000000001838584 0.000000002069 0.456124312373 0.08775137318461551095 0.00000000000011395833 1.056746078716 0.543875685558 0.456124314442
0.08983128336666734715 -0.00000000241500696970 -0.00000000000001835076 0.000000002017 0.455084357308 0.08983128336666734715 0.00000000000011131979 1.046572395765 0.544915640675 0.455084359325
0.09190173081139867139 -0.00000000236508353769 -0.00000000000001831597 0.000000001967 0.454049133611 0.09190173081139867139 0.00000000000010881188 1.036676309346 0.545950864422 0.454049135578
0.09396277994944218781 -0.00000000231757186693 -0.00000000000001828146 0.000000001919 0.453018609066 0.09396277994944218781 0.00000000000010642512 1.027044142822 0.546981389015 0.453018610985
0.09601449462783560873 -0.00000000227230131392 -0.00000000000001824724 0.000000001874 0.451992751749 0.09601449462783560873 0.00000000000010415094 1.017663199651 0.548007246377 0.451992753623
0.09805693811661311821 -0.00000000222911696268 -0.00000000000001821331 0.000000001831 0.450971530026 0.09805693811661311821 0.00000000000010198156 1.008521671969 0.549028468143 0.450971531857
0.10009017311530740701 -0.00000000218787785364 -0.00000000000001817965 0.000000001790 0.449954912548 0.10009017311530740701 0.00000000000009990991 0.999608559597 0.550045085663 0.449954914337
0.10211426175936329230 -0.00000000214845544655 -0.00000000000001814626 0.000000001750 0.448942868245 0.10211426175936329230 0.00000000000009792951 0.990913598062 0.551057130004 0.448942869996
0.10412926562646734885 -0.00000000211073228222 -0.00000000000001811315 0.000000001713 0.447935366331 0.10412926562646734885 0.00000000000009603448 0.982427194468 0.552064631957 0.447935368043
0.10613524574279030455 -0.00000000207460081365 -0.00000000000001808031 0.000000001676 0.446932376290 0.10613524574279030455 0.00000000000009421941 0.974140370201 0.553067622033 0.446932377967
0.10813226258914762634 -0.00000000203996238198 -0.00000000000001804773 0.000000001642 0.445933867885 0.10813226258914762634 0.00000000000009247934 0.966044709618 0.554066130474 0.445933869526
0.11012037610707672841 -0.00000000200672631697 -0.00000000000001801541 0.000000001609 0.444939811142 0.11012037610707672841 0.00000000000009080972 0.958132313979 0.555060187249 0.444939812751
0.11209964570483385571 -0.00000000197480914440 -0.00000000000001798335 0.000000001577 0.443950176359 0.11209964570483385571 0.00000000000008920635 0.950395760007 0.556049822064 0.443950177936
0.11407013026331054573 -0.00000000194413388609 -0.00000000000001795155 0.000000001546 0.442964934095 0.11407013026331054573 0.00000000000008766537 0.942828062506 0.557035064359 0.442964935641
0.11603188814187224975 -0.00000000191462944008 -0.00000000000001792000 0.000000001516 0.441984055171 0.11603188814187224975 0.00000000000008618320 0.935422640593 0.558015943313 0.441984056687
0.11798497718411957158 -0.00000000000001788869 -0.00000000188623003040 0.000000001488 0.441007510664 0.11798497718411957158 0.00000000000008475655 0.928173287112 0.558992487848 0.441007512152
0.11992945472357197101 -0.00000000185887471752 -0.00000000000001785764 0.000000001461 0.440035271908 0.11992945472357197101 0.00000000000008338235 0.921074140897 0.559964726631 0.440035273369
0.12186537758927910857 -0.00000000183250696191 -0.00000000000001782683 0.000000001434 0.439067310488 0.12186537758927910857 0.00000000000008205776 0.914119661549 0.560932688077 0.439067311923
0.12379280211135539058 -0.00000000180707423392 -0.00000000000001779625 0.000000001409 0.438103598240 0.12379280211135539058 0.00000000000008078014 0.907304606481 0.561896400351 0.438103599649
0.12571178412644423705 -0.00000000178252766449 -0.00000000000001776592 0.000000001384 0.437144107245 0.12571178412644423705 0.00000000000007954704 0.900624009973 0.562855891371 0.437144108629
0.12762237898311004636 -0.00000000175882173177 -0.00000000000001773582 0.000000001361 0.436188809828 0.12762237898311004636 0.00000000000007835616 0.894073164042 0.563811188811 0.436188811189
0.12952464154715737088 -0.00000000173591397937 -0.00000000000001770596 0.000000001338 0.435237678558 0.12952464154715737088 0.00000000000007720539 0.887647600927 0.564762320105 0.435237679895
0.13141862620688504748 -0.00000000171376476255 -0.00000000000001767632 0.000000001316 0.434290686239 0.13141862620688504748 0.00000000000007609271 0.881343077047 0.565709312446 0.434290687554
0.13330438687826848265 -0.00000000000001764691 -0.00000000169233701930 0.000000001294 0.433347805914 0.13330438687826848265 0.00000000000007501629 0.875155558270 0.566652192792 0.433347807208
0.13518197701007506062 -0.00000000167159606340 -0.00000000000001761773 0.000000001273 0.432409010858 0.13518197701007506062 0.00000000000007397436 0.869081206374 0.567590987868 0.432409012132
0.13705144958891490869 -0.00000000165150939701 -0.00000000000001758876 0.000000001253 0.431474274579 0.13705144958891490869 0.00000000000007296530 0.863116366581 0.568525724168 0.431474275832
0.13891285714422435538 -0.00000000163204654079 -0.00000000000001756002 0.000000001234 0.430543570811 0.13891285714422435538 0.00000000000007198758 0.857257556074 0.569456427955 0.430543572045
0.14076625175318657757 -0.00000000161317887961 -0.00000000000001753149 0.000000001215 0.429616873516 0.14076625175318657757 0.00000000000007103975 0.851501453391 0.570383125269 0.429616874731
0.14261168504558710546 -0.00000000159487952210 -0.00000000000001750318 0.000000001197 0.428694156879 0.14261168504558710546 0.00000000000007012048 0.845844888629 0.571305841924 0.428694158076
0.14444920820860912558 -0.00000000157712317284 -0.00000000000001747508 0.000000001179 0.427775395306 0.14444920820860912558 0.00000000000006922849 0.840284834378 0.572224603515 0.427775396485
0.14627887199156530684 -0.00000000155988601569 -0.00000000000001744719 0.000000001162 0.426860563423 0.14627887199156530684 0.00000000000006836257 0.834818397320 0.573139435415 0.426860564585
0.14810072671057014637 -0.00000000000001741951 -0.00000000154314560716 0.000000001145 0.425949636072 0.14810072671057014637 0.00000000000006752161 0.829442810448 0.574050362783 0.425949637217
0.14991482225315208576 -0.00000000152688077899 -0.00000000000001739203 0.000000001129 0.425042588309 0.14991482225315208576 0.00000000000006670454 0.824155425827 0.574957410562 0.425042589438
0.15172120808280747939 -0.00000000151107154881 -0.00000000000001736476 0.000000001113 0.424139395402 0.15172120808280747939 0.00000000000006591036 0.818953707878 0.575860603485 0.424139396515
0.15351993324349558212 -0.00000000149569903823 -0.00000000000001733768 0.000000001098 0.423240032830 0.15351993324349558212 0.00000000000006513812 0.813835227121 0.576759966073 0.423240033927
0.15531104636407733199 -0.00000000000001731080 -0.00000000148074539769 0.000000001083 0.422344476277 0.15531104636407733199 0.00000000000006438692 0.808797654353 0.577655522641 0.422344477359
0.15709459566269839970 -0.00000000000001728412 -0.00000000146619373725 0.000000001068 0.421452701635 0.15709459566269839970 0.00000000000006365591 0.803838755216 0.578547297297 0.421452702703
0.15887062895111458971 -0.00000000145202806300 -0.00000000000001725764 0.000000001054 0.420564684998 0.15887062895111458971 0.00000000000006294430 0.798956385130 0.579435313949 0.420564686051
0.16063919363896583814 -0.00000000143823321841 -0.00000000000001723134 0.000000001040 0.419680402661 0.16063919363896583814 0.00000000000006225131 0.794148484559 0.580319596299 0.419680403701
0.16240033673799308955 -0.00000000142479483024 -0.00000000000001720524 0.000000001027 0.418799831118 0.16240033673799308955 0.00000000000006157623 0.789413074582 0.581200167856 0.418799832144
0.16415410486620565789 -0.00000000141169925856 -0.00000000000001717932 0.000000001014 0.417922947060 0.16415410486620565789 0.00000000000006091837 0.784748252755 0.582077051926 0.417922948074
0.16590054425199277088 -0.00000000139893355062 -0.00000000000001715359 0.000000001001 0.417049727374 0.16590054425199277088 0.00000000000006027708 0.780152189230 0.582950271626 0.417049728374
0.16763970073818684758 -0.00000000138648539805 -0.00000000000001712805 0.000000000988 0.416180149137 0.16763970073818684758 0.00000000000005965174 0.775623123118 0.583819849875 0.416180150125
0.16937161978607415125 -0.00000000137434309733 -0.00000000000001710268 0.000000000976 0.415314189619 0.16937161978607415125 0.00000000000005904177 0.771159359075 0.584685809405 0.415314190595
0.17109634647935567653 -0.00000000136249551308 -0.00000000000001707750 0.000000000964 0.414451826278 0.17109634647935567653 0.00000000000005844660 0.766759264105 0.585548172757 0.414451827243
0.17281392552805946439 -0.00000000135093204398 -0.00000000000001705249 0.000000000953 0.413593036760 0.17281392552805946439 0.00000000000005786571 0.762421264540 0.586406962288 0.413593037712
0.17452440127240434475 -0.00000000133964259115 -0.00000000000001702766 0.000000000941 0.412737798893 0.17452440127240434475 0.00000000000005729858 0.758143843220 0.587262200165 0.412737799835
0.17622781768661488488 -0.00000000132861752872 -0.00000000000001700300 0.000000000930 0.411886090691 0.17622781768661488488 0.00000000000005674473 0.753925536819 0.588113908378 0.411886091622
0.17792421838268995815 -0.00000000131784767646 -0.00000000000001697852 0.000000000920 0.411037890349 0.17792421838268995815 0.00000000000005620370 0.749764933343 0.588962108731 0.411037891269
0.17961364661412512755 -0.00000000130732427429 -0.00000000000001695420 0.000000000909 0.410193176238 0.17961364661412512755 0.00000000000005567506 0.745660669762 0.589806822852 0.410193177148
0.18129614527958867742 -0.00000000129703895853 -0.00000000000001693006 0.000000000899 0.409351926911 0.18129614527958867742 0.00000000000005515837 0.741611429780 0.590648072190 0.409351927810
0.18297175692655207047 -0.00000000128698373968 -0.00000000000001690608 0.000000000889 0.408514121092 0.18297175692655207047 0.00000000000005465324 0.737615941732 0.591485878019 0.408514121981
0.18464052375487760571 -0.00000000127715098179 -0.00000000000001688227 0.000000000879 0.407679737683 0.18464052375487760571 0.00000000000005415929 0.733672976594 0.592320261438 0.407679738562
0.18630248762036027976 -0.00000000126753338307 -0.00000000000001685862 0.000000000869 0.406848755755 0.18630248762036027976 0.00000000000005367615 0.729781346110 0.593151243375 0.406848756625
0.18795769003822720977 -0.00000000000001683513 -0.00000000125812395783 0.000000000860 0.406021154551 0.18795769003822720977 0.00000000000005320346 0.725939901007 0.593978844589 0.406021155411
0.18960617218659497896 -0.00000000124891601955 -0.00000000000001681180 0.000000000851 0.405196913481 0.18960617218659497896 0.00000000000005274090 0.722147529324 0.594803085668 0.405196914332
0.19124797490988404425 -0.00000000123990316505 -0.00000000000001678863 0.000000000842 0.404376012124 0.19124797490988404425 0.00000000000005228814 0.718403154815 0.595623987034 0.404376012966
0.19288313872219214895 -0.00000000123107925960 -0.00000000000001676562 0.000000000833 0.403558430222 0.19288313872219214895 0.00000000000005184486 0.714705735446 0.596441568945 0.403558431055
0.19451170381062721226 -0.00000000122243842305 -0.00000000000001674277 0.000000000824 0.402744147683 0.19451170381062721226 0.00000000000005141079 0.711054261961 0.597255851493 0.402744148507
0.19613371003859908503 -0.00000000121397501671 -0.00000000000001672007 0.000000000816 0.401933144573 0.19613371003859908503 0.00000000000005098563 0.707447756533 0.598066854611 0.401933145389
0.19774919694907230894 -0.00000000120568363115 -0.00000000000001669752 0.000000000808 0.401125401122 0.19774919694907230894 0.00000000000005056911 0.703885271478 0.598874598071 0.401125401929
0.19935820376777974028 -0.00000000119755907456 -0.00000000000001667512 0.000000000799 0.400320897716 0.19935820376777974028 0.00000000000005016097 0.700365888029 0.599679101484 0.400320898516
0.20096076940639778785 -0.00000000118959636203 -0.00000000000001665287 0.000000000791 0.399519614901 0.20096076940639778785 0.00000000000004976096 0.696888715183 0.600480384307 0.399519615693
0.20255693246568182153 -0.00000000118179070526 -0.00000000000001663077 0.000000000784 0.398721533375 0.20255693246568182153 0.00000000000004936884 0.693452888595 0.601278465841 0.398721534159
0.20414673123856685866 -0.00000000117413750300 -0.00000000000001660881 0.000000000776 0.397926633993 0.20414673123856685866 0.00000000000004898437 0.690057569532 0.602073365231 0.397926634769
0.20573020371322930933 -0.00000000116663233202 -0.00000000000001658700 0.000000000768 0.397134897759 0.20573020371322930933 0.00000000000004860735 0.686701943876 0.602865101472 0.397134898528
0.20730738757611272272 -0.00000000115927093853 -0.00000000000001656534 0.000000000761 0.396346305831 0.20730738757611272272 0.00000000000004823755 0.683385221175 0.603653693407 0.396346306593
0.20887832021491775647 -0.00000000115204923020 -0.00000000000001654381 0.000000000754 0.395560839516 0.20887832021491775647 0.00000000000004787476 0.680106633737 0.604439159730 0.395560840270
0.21044303872155623036 -0.00000000114496326852 -0.00000000000001652243 0.000000000747 0.394778480266 0.21044303872155623036 0.00000000000004751880 0.676865435774 0.605221518987 0.394778481013
0.21200157989507065204 -0.00000000113800926170 -0.00000000000001650118 0.000000000740 0.393999209683 0.21200157989507065204 0.00000000000004716946 0.673660902575 0.606000789578 0.393999210422
0.21355398024451932582 -0.00000000113118355783 -0.00000000000001648008 0.000000000733 0.393223009511 0.21355398024451932582 0.00000000000004682657 0.670492329729 0.606776989756 0.393223010244
0.21510027599182648950 -0.00000000112448263857 -0.00000000000001645911 0.000000000726 0.392449861641 0.21510027599182648950 0.00000000000004648994 0.667359032376 0.607550137633 0.392449862367
0.21664050307460050449 -0.00000000111790311301 -0.00000000000001643827 0.000000000720 0.391679748103 0.21664050307460050449 0.00000000000004615942 0.664260344491 0.608320251177 0.391679748823
0.21817469714891696286 -0.00000000111144171203 -0.00000000000001641757 0.000000000713 0.390912651069 0.21817469714891696286 0.00000000000004583483 0.661195618211 0.609087348218 0.390912651782
0.21970289359207095803 -0.00000000110509528283 -0.00000000000001639700 0.000000000707 0.390148552851 0.21970289359207095803 0.00000000000004551601 0.658164223176 0.609851446443 0.390148553557
0.22122512750529593761 -0.00000000109886078383 -0.00000000000001637657 0.000000000701 0.389387435897 0.22122512750529593761 0.00000000000004520282 0.655165545916 0.610612563402 0.389387436598
0.22274143371645127587 -0.00000000109273527979 -0.00000000000001635626 0.000000000695 0.388629282794 0.22274143371645127587 0.00000000000004489510 0.652198989249 0.611370716511 0.388629283489
0.22425184678267878757 -0.00000000108671593722 -0.00000000000001633608 0.000000000689 0.387874076264 0.22425184678267878757 0.00000000000004459272 0.649263971721 0.612125923047 0.387874076953
0.22575640099302729524 -0.00000000108080002000 -0.00000000000001631603 0.000000000683 0.387121799162 0.22575640099302729524 0.00000000000004429553 0.646359927054 0.612878200155 0.387121799845
0.22725513037104810854 -0.00000000107498488523 -0.00000000000001629611 0.000000000677 0.386372434476 0.22725513037104810854 0.00000000000004400341 0.643486303632 0.613627564847 0.386372435153
0.22874806867735958393 -0.00000000106926797930 -0.00000000000001627631 0.000000000671 0.385625965326 0.22874806867735958393 0.00000000000004371622 0.640642563999 0.614374034003 0.385625965997
0.23023524941218145856 -0.00000000106364683414 -0.00000000000001625664 0.000000000666 0.384882374961 0.23023524941218145856 0.00000000000004343384 0.637828184385 0.615117624373 0.384882375627
0.23171670581784184484 -0.00000000105811906370 -0.00000000000001623709 0.000000000660 0.384141646761 0.23171670581784184484 0.00000000000004315615 0.635042654242 0.615858352579 0.384141647421
0.23319247088125294454 -0.00000000105268236050 -0.00000000000001621766 0.000000000655 0.383403764232 0.23319247088125294454 0.00000000000004288303 0.632285475815 0.616596235113 0.383403764887
0.23466257733636014526 -0.00000000104733449253 -0.00000000000001619835 0.000000000649 0.382668711007 0.23466257733636014526 0.00000000000004261438 0.629556163713 0.617331288344 0.382668711656
0.23612705766656175155 -0.00000000104207330008 -0.00000000000001617916 0.000000000644 0.381936470845 0.23612705766656175155 0.00000000000004235008 0.626854244510 0.618063528511 0.381936471489
0.23758594410710209832 -0.00000000103689669290 -0.00000000000001616009 0.000000000639 0.381207027627 0.23758594410710209832 0.00000000000004209003 0.624179256356 0.618792971734 0.381207028266
0.23903926864743632597 -0.00000000103180264744 -0.00000000000001614114 0.000000000634 0.380480365359 0.23903926864743632597 0.00000000000004183413 0.621530748608 0.619519634007 0.380480365993
0.24048706303356875980 -0.00000000102678920413 -0.00000000000001612230 0.000000000629 0.379756468169 0.24048706303356875980 0.00000000000004158228 0.618908281470 0.620243531202 0.379756468798
0.24192935877036425563 -0.00000000000001610358 -0.00000000102185446499 0.000000000624 0.379035320303 0.24192935877036425563 0.00000000000004133438 0.616311425651 0.620964679073 0.379035320927
0.24336618712383334406 -0.00000000101699659112 -0.00000000000001608497 0.000000000619 0.378316906129 0.24336618712383334406 0.00000000000004109034 0.613739762037 0.621683093252 0.378316906748
0.24479757912339242254 -0.00000000101221380048 -0.00000000000001606648 0.000000000614 0.377601210131 0.24479757912339242254 0.00000000000004085008 0.611192881373 0.622398789255 0.377601210745
0.24622356556409613626 -0.00000000100750436569 -0.00000000000001604809 0.000000000609 0.376888216913 0.24622356556409613626 0.00000000000004061350 0.608670383961 0.623111782477 0.376888217523
0.24764417700884636120 -0.00000000100286661197 -0.00000000000001602982 0.000000000605 0.376177911193 0.24764417700884636120 0.00000000000004038052 0.606171879362 0.623822088202 0.376177911798
0.24905944379057662341 -0.00000000099829891512 -0.00000000000001601166 0.000000000600 0.375470277805 0.24905944379057662341 0.00000000000004015106 0.603696986120 0.624529721595 0.375470278405
0.25046939601440915135 -0.00000000099379969964 -0.00000000000001599361 0.000000000596 0.374765301695 0.25046939601440915135 0.00000000000003992504 0.601245331489 0.625234697709 0.374765302291
0.25187406355979208294 -0.00000000098936743693 -0.00000000000001597566 0.000000000591 0.374062967925 0.25187406355979208294 0.00000000000003970238 0.598816551171 0.625937031484 0.374062968516
0.25327347608260736278 -0.00000000098500064355 -0.00000000000001595783 0.000000000587 0.373363261665 0.25327347608260736278 0.00000000000003948301 0.596410289065 0.626636737748 0.373363262252
0.25466766301725940469 -0.00000000098069787955 -0.00000000000001594010 0.000000000583 0.372666168200 0.25466766301725940469 0.00000000000003926686 0.594026197026 0.627333831217 0.372666168783
0.25605665357873930166 -0.00000000097645774691 -0.00000000000001592247 0.000000000578 0.371971672921 0.25605665357873930166 0.00000000000003905386 0.591663934631 0.628028326500 0.371971673500
0.25744047676466380592 -0.00000000097227888802 -0.00000000000001590495 0.000000000574 0.371279761331 0.25744047676466380592 0.00000000000003884393 0.589323168956 0.628720238095 0.371279761905
0.25881916135729465811 -0.00000000096815998421 -0.00000000000001588753 0.000000000570 0.370590419036 0.25881916135729465811 0.00000000000003863702 0.587003574357 0.629409580394 0.370590419606
0.26019273592553399110 -0.00000000096409975438 -0.00000000000001587022 0.000000000566 0.369903631754 0.26019273592553399110 0.00000000000003843305 0.584704832261 0.630096367680 0.369903632320
0.26156122882689653020 -0.00000000096009695369 -0.00000000000001585300 0.000000000562 0.369219385306 0.26156122882689653020 0.00000000000003823197 0.582426630969 0.630780614132 0.369219385868
0.26292466820946253092 -0.00000000095615037226 -0.00000000000001583589 0.000000000558 0.368537665616 0.26292466820946253092 0.00000000000003803371 0.580168665454 0.631462333826 0.368537666174
0.26428308201380629194 -0.00000000095225883394 -0.00000000000001581888 0.000000000554 0.367858458716 0.26428308201380629194 0.00000000000003783821 0.577930637183 0.632141540730 0.367858459270
0.26563649797490679338 -0.00000000094842119518 -0.00000000000001580196 0.000000000550 0.367181750737 0.26563649797490679338 0.00000000000003764543 0.575712253927 0.632818248712 0.367181751288
0.26698494362403307756 -0.00000000094463634388 -0.00000000000001578515 0.000000000547 0.366507527915 0.26698494362403307756 0.00000000000003745530 0.573513229592 0.633492471539 0.366507528461
0.26832844629061236574 -0.00000000094090319833 -0.00000000000001576843 0.000000000543 0.365835776583 0.26832844629061236574 0.00000000000003726776 0.571333284047 0.634164222874 0.365835777126
0.26966703310407630356 -0.00000000000001575180 -0.00000000093722070617 0.000000000539 0.365166483178 0.26966703310407630356 0.00000000000003708277 0.569172142965 0.634833516282 0.365166483718
0.27100073099568616763 -0.00000000093358784342 -0.00000000000001573528 0.000000000535 0.364499634234 0.27100073099568616763 0.00000000000003690027 0.567029537661 0.635500365230 0.364499634770
0.27232956670034103031 -0.00000000093000361350 -0.00000000000001571884 0.000000000532 0.363835216384 0.27232956670034103031 0.00000000000003672021 0.564905204941 0.636164783084 0.363835216916
0.27365356675836122191 -0.00000000092646704633 -0.00000000000001570250 0.000000000528 0.363173216357 0.27365356675836122191 0.00000000000003654255 0.562798886957 0.636826783115 0.363173216885
0.27497275751725774873 -0.00000000092297719748 -0.00000000000001568626 0.000000000525 0.362513620979 0.27497275751725774873 0.00000000000003636724 0.560710331064 0.637486378496 0.362513621504
0.27628716513347922890 -0.00000000091953314729 -0.00000000000001567010 0.000000000521 0.361856417173 0.27628716513347922890 0.00000000000003619423 0.558639289681 0.638143582306 0.361856417694
0.27759681557414095376 -0.00000000091613400008 -0.00000000000001565404 0.000000000518 0.361201591954 0.27759681557414095376 0.00000000000003602347 0.556585520157 0.638798407528 0.361201592472
0.27890173461873363214 -0.00000000091277888340 -0.00000000000001563807 0.000000000515 0.360549132433 0.27890173461873363214 0.00000000000003585492 0.554548784648 0.639450867052 0.360549132948
0.28020194786081642491 -0.00000000090946694723 -0.00000000000001562219 0.000000000511 0.359899025814 0.28020194786081642491 0.00000000000003568855 0.552528849984 0.640100973675 0.359899026325
0.28149748070968955149 -0.00000000090619736330 -0.00000000000001560640 0.000000000508 0.359251259391 0.28149748070968955149 0.00000000000003552430 0.550525487558 0.640748740101 0.359251259899
0.28278835839204974345 -0.00000000090296932439 -0.00000000000001559070 0.000000000505 0.358605820552 0.28278835839204974345 0.00000000000003536213 0.548538473200 0.641394178944 0.358605821056
0.28407460595362743483 -0.00000000089978204365 -0.00000000000001557508 0.000000000502 0.357962696772 0.28407460595362743483 0.00000000000003520202 0.546567587069 0.642037302726 0.357962697274
0.28535624826080602245 -0.00000000089663475399 -0.00000000000001555955 0.000000000499 0.357321875620 0.28535624826080602245 0.00000000000003504391 0.544612613546 0.642678123881 0.357321876119
0.28663331000222558309 -0.00000000089352670746 -0.00000000000001554411 0.000000000495 0.356683344751 0.28663331000222558309 0.00000000000003488778 0.542673341121 0.643316654753 0.356683345247
0.28790581569036771681 -0.00000000000001552875 -0.00000000089045717462 0.000000000492 0.356047091909 0.28790581569036771681 0.00000000000003473358 0.540749562296 0.643952907599 0.356047092401
0.28917378966312290434 -0.00000000088742544401 -0.00000000000001551348 0.000000000489 0.355413104924 0.28917378966312290434 0.00000000000003458128 0.538841073482 0.644586894587 0.355413105413
0.29043725608534382010 -0.00000000088443082159 -0.00000000000001549829 0.000000000486 0.354781371714 0.29043725608534382010 0.00000000000003443084 0.536947674906 0.645218627800 0.354781372200
0.29169623895037899430 -0.00000000088147263020 -0.00000000000001548319 0.000000000483 0.354151880283 0.29169623895037899430 0.00000000000003428224 0.535069170514 0.645848119233 0.354151880767
0.29295076208159198661 -0.00000000087855020906 -0.00000000000001546816 0.000000000480 0.353524618719 0.29295076208159198661 0.00000000000003413543 0.533205367882 0.646475380801 0.353524619199
0.29420084913386546077 -0.00000000087566291328 -0.00000000000001545322 0.000000000478 0.352899575194 0.29420084913386546077 0.00000000000003399038 0.531356078129 0.647100424328 0.352899575672
0.29544652359508544182 -0.00000000087281011336 -0.00000000000001543837 0.000000000475 0.352276737965 0.29544652359508544182 0.00000000000003384707 0.529521115829 0.647723261560 0.352276738440
0.29668780878761491504 -0.00000000086999119476 -0.00000000000001542359 0.000000000472 0.351656095370 0.29668780878761491504 0.00000000000003370546 0.527700298931 0.648343904158 0.351656095842
0.29792472786974688592 -0.00000000086720555748 -0.00000000000001540889 0.000000000469 0.351037635831 0.29792472786974688592 0.00000000000003356553 0.525893448676 0.648962363700 0.351037636300
0.29915730383714750351 -0.00000000086445261556 -0.00000000000001539427 0.000000000466 0.350421347848 0.29915730383714750351 0.00000000000003342723 0.524100389521 0.649578651685 0.350421348315
0.30038555952427792306 -0.00000000086173179674 -0.00000000000001537973 0.000000000464 0.349807220006 0.30038555952427792306 0.00000000000003329055 0.522320949064 0.650192779530 0.349807220470
0.30160951760580700931 -0.00000000085904254203 -0.00000000000001536527 0.000000000461 0.349195240967 0.30160951760580700931 0.00000000000003315545 0.520554957967 0.650804758572 0.349195241428
0.30282920059800594315 -0.00000000085638430535 -0.00000000000001535089 0.000000000458 0.348585399472 0.30282920059800594315 0.00000000000003302191 0.518802249888 0.651414600070 0.348585399930
0.30404463086012761819 -0.00000000000001533658 -0.00000000085375655312 0.000000000456 0.347977684342 0.30404463086012761819 0.00000000000003288991 0.517062661412 0.652022315202 0.347977684798
0.30525583059577499068 -0.00000000085115876394 -0.00000000000001532235 0.000000000453 0.347372084476 0.30525583059577499068 0.00000000000003275941 0.515336031981 0.652627915071 0.347372084929
0.30646282185425111066 -0.00000000084859042824 -0.00000000000001530820 0.000000000450 0.346768588848 0.30646282185425111066 0.00000000000003263039 0.513622203830 0.653231410702 0.346768589298
0.30766562653189960530 -0.00000000084605104793 -0.00000000000001529412 0.000000000448 0.346167186510 0.30766562653189960530 0.00000000000003250282 0.511921021924 0.653832813042 0.346167186958
0.30886426637342623280 -0.00000000084354013610 -0.00000000000001528011 0.000000000445 0.345567866591 0.30886426637342623280 0.00000000000003237668 0.510232333895 0.654432132964 0.345567867036
0.31005876297321055546 -0.00000000084105721667 -0.00000000000001526618 0.000000000443 0.344970618292 0.31005876297321055546 0.00000000000003225195 0.508555989983 0.655029381265 0.344970618735
0.31124913777660379033 -0.00000000083860182415 -0.00000000000001525232 0.000000000440 0.344375430891 0.31124913777660379033 0.00000000000003212860 0.506891842979 0.655624568668 0.344375431332
0.31243541208120961805 -0.00000000083617350329 -0.00000000000001523854 0.000000000438 0.343782293740 0.31243541208120961805 0.00000000000003200662 0.505239748163 0.656217705822 0.343782294178
0.31361760703815588780 -0.00000000083377180884 -0.00000000000001522483 0.000000000436 0.343191196263 0.31361760703815588780 0.00000000000003188596 0.503599563255 0.656808803301 0.343191196699
0.31479574365335249997 -0.00000000000001521119 -0.00000000083139630524 0.000000000433 0.342602127957 0.31479574365335249997 0.00000000000003176663 0.501971148360 0.657397871610 0.342602128390
0.31596984278873374574 -0.00000000082904656640 -0.00000000000001519762 0.000000000431 0.342015078390 0.31596984278873374574 0.00000000000003164859 0.500354365911 0.657984921179 0.342015078821
0.31713992516349176487 -0.00000000082672217541 -0.00000000000001518412 0.000000000429 0.341430037204 0.31713992516349176487 0.00000000000003153182 0.498749080626 0.658569962367 0.341430037633
0.31830601135529235091 -0.00000000082442272431 -0.00000000000001517069 0.000000000426 0.340846994109 0.31830601135529235091 0.00000000000003141631 0.497155159451 0.659153005464 0.340846994536
0.31946812180148542737 -0.00000000082214781386 -0.00000000000001515733 0.000000000424 0.340265938887 0.31946812180148542737 0.00000000000003130203 0.495572471516 0.659734060689 0.340265939311
0.32062627680029376354 -0.00000000081989705327 -0.00000000000001514403 0.000000000422 0.339686861389 0.32062627680029376354 0.00000000000003118896 0.494000888090 0.660313138189 0.339686861811
0.32178049651200058001 -0.00000000081767006002 -0.00000000000001513081 0.000000000420 0.339109751534 0.32178049651200058001 0.00000000000003107709 0.492440282530 0.660890248046 0.339109751954
0.32293080096011533842 -0.00000000081546645963 -0.00000000000001511765 0.000000000417 0.338534599311 0.32293080096011533842 0.00000000000003096639 0.490890530241 0.661465400271 0.338534599729
0.32407721003253203707 -0.00000000081328588544 -0.00000000000001510457 0.000000000415 0.337961394776 0.32407721003253203707 0.00000000000003085684 0.489351508632 0.662038604809 0.337961395191
0.32521974348267745913 -0.00000000081112797841 -0.00000000000001509155 0.000000000413 0.337390128052 0.32521974348267745913 0.00000000000003074844 0.487823097071 0.662609871535 0.337390128465
0.32635842093064387770 -0.00000000080899238692 -0.00000000000001507859 0.000000000411 0.336820789329 0.32635842093064387770 0.00000000000003064116 0.486305176850 0.663179210260 0.336820789740
0.32749326186431254593 -0.00000000080687876662 -0.00000000000001506570 0.000000000409 0.336253368863 0.32749326186431254593 0.00000000000003053498 0.484797631139 0.663746630728 0.336253369272
0.32862428564046552992 -0.00000000080478678015 -0.00000000000001505288 0.000000000407 0.335687856976 0.32862428564046552992 0.00000000000003042989 0.483300344949 0.664312142617 0.335687857383
0.32975151148588655037 -0.00000000080271609708 -0.00000000000001504012 0.000000000405 0.335124244055 0.32975151148588655037 0.00000000000003032587 0.481813205096 0.664875755541 0.335124244459
0.33087495849845099949 -0.00000000080066639364 -0.00000000000001502742 0.000000000403 0.334562520550 0.33087495849845099949 0.00000000000003022290 0.480336100164 0.665437479048 0.334562520952
0.33199464564820263535 -0.00000000079863735259 -0.00000000000001501479 0.000000000401 0.334002676976 0.33199464564820263535 0.00000000000003012097 0.478868920465 0.665997322624 0.334002677376
0.33311059177842294865 -0.00000000079662866308 -0.00000000000001500222 0.000000000399 0.333444703912 0.33311059177842294865 0.00000000000003002006 0.477411558009 0.666555295690 0.333444704310
0.33422281560668787304 -0.00000000079464002042 -0.00000000000001498972 0.000000000397 0.332888591998 0.33422281560668787304 0.00000000000002992016 0.475963906466 0.667111407605 0.332888592395
0.33533133572591433680 -0.00000000079267112602 -0.00000000000001497728 0.000000000395 0.332334331940 0.33533133572591433680 0.00000000000002982125 0.474525861134 0.667665667666 0.332334332334
0.33643617060539549035 -0.00000000079072168716 -0.00000000000001496489 0.000000000393 0.331781914501 0.33643617060539549035 0.00000000000002972332 0.473097318909 0.668218085106 0.331781914894
0.33753733859182766253 -0.00000000078879141688 -0.00000000000001495258 0.000000000391 0.331231330509 0.33753733859182766253 0.00000000000002962635 0.471678178248 0.668768669101 0.331231330899
0.33863485791032521544 -0.00000000078688003385 -0.00000000000001494032 0.000000000389 0.330682570850 0.33863485791032521544 0.00000000000002953033 0.470268339142 0.669317428761 0.330682571239
0.33972874666542629551 -0.00000000078498726220 -0.00000000000001492812 0.000000000387 0.330135626474 0.33972874666542629551 0.00000000000002943525 0.468867703086 0.669864373139 0.330135626861
0.34081902284208814846 -0.00000000078311283141 -0.00000000000001491598 0.000000000385 0.329590488386 0.34081902284208814846 0.00000000000002934109 0.467476173046 0.670409511229 0.329590488771
0.34190570430667233115 -0.00000000078125647620 -0.00000000000001490390 0.000000000383 0.329047147655 0.34190570430667233115 0.00000000000002924783 0.466093653435 0.670952851962 0.329047148038
0.34298880880792226300 -0.00000000077941793636 -0.00000000000001489188 0.000000000381 0.328505595405 0.34298880880792226300 0.00000000000002915547 0.464720050080 0.671494404213 0.328505595787
0.34406835397792745468 -0.00000000077759695664 -0.00000000000001487992 0.000000000379 0.327965822821 0.34406835397792745468 0.00000000000002906399 0.463355270200 0.672034176799 0.327965823201
0.34514435733308140852 -0.00000000077579328667 -0.00000000000001486802 0.000000000378 0.327427821145 0.34514435733308140852 0.00000000000002897338 0.461999222375 0.672572178478 0.327427821522
0.34621683627503008207 -0.00000000077400668081 -0.00000000000001485618 0.000000000376 0.326891581675 0.34621683627503008207 0.00000000000002888363 0.460651816520 0.673108417950 0.326891582050
0.34728580809160686238 -0.00000000077223689803 -0.00000000000001484439 0.000000000374 0.326357095767 0.34728580809160686238 0.00000000000002879473 0.459312963863 0.673642903859 0.326357096141
0.34835128995776543093 -0.00000000077048370184 -0.00000000000001483266 0.000000000372 0.325824354835 0.34835128995776543093 0.00000000000002870665 0.457982576918 0.674175644793 0.325824355207
0.34941329893649553107 -0.00000000076874686014 -0.00000000000001482099 0.000000000371 0.325293350346 0.34941329893649553107 0.00000000000002861940 0.456660569459 0.674706649283 0.325293350717
0.35047185197973768078 -0.00000000076702614516 -0.00000000000001480937 0.000000000369 0.324764073826 0.35047185197973768078 0.00000000000002853296 0.455346856501 0.675235925805 0.324764074195
0.35152696592928234232 -0.00000000076532133332 -0.00000000000001479781 0.000000000367 0.324236516852 0.35152696592928234232 0.00000000000002844732 0.454041354271 0.675763482781 0.324236517219
0.35257865751766442886 -0.00000000076363220518 -0.00000000000001478631 0.000000000366 0.323710671058 0.35257865751766442886 0.00000000000002836247 0.452743980190 0.676289328576 0.323710671424
0.35362694336904748615 -0.00000000076195854529 -0.00000000000001477486 0.000000000364 0.323186528134 0.35362694336904748615 0.00000000000002827839 0.451454652848 0.676813471503 0.323186528497
0.35467184000010010259 -0.00000000076030014215 -0.00000000000001476346 0.000000000362 0.322664079819 0.35467184000010010259 0.00000000000002819508 0.450173291985 0.677335919819 0.322664080181
0.35571336382086127248 -0.00000000075865678809 -0.00000000000001475212 0.000000000361 0.322143317909 0.35571336382086127248 0.00000000000002811252 0.448899818467 0.677856681730 0.322143318270
0.35675153113560365004 -0.00000000075702827920 -0.00000000000001474083 0.000000000359 0.321624234253 0.35675153113560365004 0.00000000000002803071 0.447634154268 0.678375765388 0.321624234612
0.35778635814367959478 -0.00000000000001472960 -0.00000000075541441521 0.000000000357 0.321106820750 0.35778635814367959478 0.00000000000002794964 0.446376222449 0.678893178893 0.321106821107
0.35881786094036755008 -0.00000000075381499947 -0.00000000000001471842 0.000000000356 0.320591069352 0.35881786094036755008 0.00000000000002786929 0.445125947136 0.679408930292 0.320591069708
0.35984605551770371124 -0.00000000075222983883 -0.00000000000001470729 0.000000000354 0.320076972064 0.35984605551770371124 0.00000000000002778966 0.443883253505 0.679923027582 0.320076972418
0.36087095776531052937 -0.00000000075065874354 -0.00000000000001469622 0.000000000353 0.319564520941 0.36087095776531052937 0.00000000000002771074 0.442648067760 0.680435478706 0.319564521294
0.36189258347121372461 -0.00000000074910152723 -0.00000000000001468519 0.000000000351 0.319053708089 0.36189258347121372461 0.00000000000002763251 0.441420317114 0.680946291560 0.319053708440
0.36291094832265441417 -0.00000000074755800679 -0.00000000000001467422 0.000000000349 0.318544525664 0.36291094832265441417 0.00000000000002755497 0.440199929776 0.681455473987 0.318544526013
0.36392606790689013829 -0.00000000074602800235 -0.00000000000001466330 0.000000000348 0.318036965873 0.36392606790689013829 0.00000000000002747811 0.438986834926 0.681963033779 0.318036966221
0.36493795771199316613 -0.00000000074451133713 -0.00000000000001465243 0.000000000346 0.317531020971 0.36493795771199316613 0.00000000000002740192 0.437780962704 0.682468978683 0.317531021317
0.36594663312763453522 -0.00000000074300783745 -0.00000000000001464161 0.000000000345 0.317026683264 0.36594663312763453522 0.00000000000002732639 0.436582244190 0.682973316391 0.317026683609
0.36695210944586692525 -0.00000000074151733263 -0.00000000000001463084 0.000000000343 0.316523945105 0.36695210944586692525 0.00000000000002725151 0.435390611390 0.683476054551 0.316523945449
0.36795440186189654064 -0.00000000074003965492 -0.00000000000001462012 0.000000000342 0.316022798898 0.36795440186189654064 0.00000000000002717728 0.434205997214 0.683977200760 0.316022799240
0.36895352547484849826 -0.00000000073857463944 -0.00000000000001460945 0.000000000340 0.315523237092 0.36895352547484849826 0.00000000000002710368 0.433028335470 0.684476762567 0.315523237433
0.36994949528852449916 -0.00000000073712212413 -0.00000000000001459883 0.000000000339 0.315025252186 0.36994949528852449916 0.00000000000002703072 0.431857560837 0.684974747475 0.315025252525
0.37094232621215600387 -0.00000000073568194969 -0.00000000000001458826 0.000000000338 0.314528836725 0.37094232621215600387 0.00000000000002695837 0.430693608862 0.685471162937 0.314528837063
0.37193203306114558382 -0.00000000073425395951 -0.00000000000001457774 0.000000000336 0.314033983301 0.37193203306114558382 0.00000000000002688663 0.429536415934 0.685966016362 0.314033983638
0.37291863055780555269 -0.00000000073283799961 -0.00000000000001456726 0.000000000335 0.313540684554 0.37291863055780555269 0.00000000000002681550 0.428385919277 0.686459315112 0.313540684888
0.37390213333208666135 -0.00000000073143391861 -0.00000000000001455684 0.000000000333 0.313048933167 0.37390213333208666135 0.00000000000002674497 0.427242056933 0.686951066499 0.313048933501
0.37488255592230301794 -0.00000000073004156766 -0.00000000000001454646 0.000000000332 0.312558721873 0.37488255592230301794 0.00000000000002667502 0.426104767748 0.687441277795 0.312558722205
0.37585991277584668291 -0.00000000072866080036 -0.00000000000001453612 0.000000000331 0.312070043447 0.37585991277584668291 0.00000000000002660566 0.424973991362 0.687929956223 0.312070043777
0.37683421824989848936 -0.00000000072729147276 -0.00000000000001452584 0.000000000329 0.311582890710 0.37683421824989848936 0.00000000000002653687 0.423849668187 0.688417108960 0.311582891040
0.37780548661213031458 -0.00000000072593344328 -0.00000000000001451560 0.000000000328 0.311097256530 0.37780548661213031458 0.00000000000002646865 0.422731739405 0.688902743142 0.311097256858
0.37877373204140213359 -0.00000000072458657267 -0.00000000000001450541 0.000000000326 0.310613133816 0.37877373204140213359 0.00000000000002640099 0.421620146947 0.689386865857 0.310613134143
0.37973896862845207822 -0.00000000072325072395 -0.00000000000001449526 0.000000000325 0.310130515523 0.37973896862845207822 0.00000000000002633388 0.420514833485 0.689869484152 0.310130515848
0.38070121037657905783 -0.00000000072192576238 -0.00000000000001448516 0.000000000324 0.309649394650 0.38070121037657905783 0.00000000000002626732 0.419415742416 0.690350605026 0.309649394974
0.38166047120232060585 -0.00000000072061155541 -0.00000000000001447510 0.000000000322 0.309169764238 0.38166047120232060585 0.00000000000002620130 0.418322817855 0.690830235440 0.309169764560
0.38261676493612439831 -0.00000000071930797261 -0.00000000000001446509 0.000000000321 0.308691617371 0.38261676493612439831 0.00000000000002613581 0.417236004618 0.691308382307 0.308691617693
0.38357010532301050176 -0.00000000071801488569 -0.00000000000001445512 0.000000000320 0.308214947179 0.38357010532301050176 0.00000000000002607085 0.416155248215 0.691785052502 0.308214947498
0.38452050602323389894 -0.00000000071673216839 -0.00000000000001444520 0.000000000319 0.307739746829 0.38452050602323389894 0.00000000000002600642 0.415080494835 0.692260252852 0.307739747148
0.38546798061293341409 -0.00000000071545969647 -0.00000000000001443532 0.000000000317 0.307266009535 0.38546798061293341409 0.00000000000002594249 0.414011691337 0.692733990148 0.307266009852
0.38641254258477963912 -0.00000000071419734767 -0.00000000000001442549 0.000000000316 0.306793728550 0.38641254258477963912 0.00000000000002587908 0.412948785241 0.693206271134 0.306793728866
0.38735420534861514374 -0.00000000071294500167 -0.00000000000001441570 0.000000000315 0.306322897168 0.38735420534861514374 0.00000000000002581616 0.411891724711 0.693677102517 0.306322897483
0.38829298223208963403 -0.00000000071170254004 -0.00000000000001440595 0.000000000314 0.305853508727 0.38829298223208963403 0.00000000000002575375 0.410840458554 0.694146490959 0.305853509041
0.38922888648128778355 -0.00000000071046984623 -0.00000000000001439625 0.000000000312 0.305385556603 0.38922888648128778355 0.00000000000002569182 0.409794936199 0.694614443084 0.305385556916
0.39016193126135256808 -0.00000000070924680550 -0.00000000000001438659 0.000000000311 0.304919034214 0.39016193126135256808 0.00000000000002563038 0.408755107698 0.695080965475 0.304919034525
0.39109212965710338228 -0.00000000070803330489 -0.00000000000001437697 0.000000000310 0.304453935017 0.39109212965710338228 0.00000000000002556942 0.407720923708 0.695546064674 0.304453935326
0.39201949467364682889 -0.00000000070682923323 -0.00000000000001436739 0.000000000309 0.303990252509 0.39201949467364682889 0.00000000000002550894 0.406692335483 0.696009747182 0.303990252818
0.39294403923698223435 -0.00000000070563448104 -0.00000000000001435785 0.000000000308 0.303527980228 0.39294403923698223435 0.00000000000002544892 0.405669294869 0.696472019465 0.303527980535
0.39386577619460400035 -0.00000000070444894055 -0.00000000000001434836 0.000000000306 0.303067111750 0.39386577619460400035 0.00000000000002538936 0.404651754290 0.696932887944 0.303067112056
0.39478471831609529552 -0.00000000070327250561 -0.00000000000001433891 0.000000000305 0.302607640689 0.39478471831609529552 0.00000000000002533026 0.403639666741 0.697392359005 0.302607640995
0.39570087829371852761 -0.00000000070210507175 -0.00000000000001432949 0.000000000304 0.302149560701 0.39570087829371852761 0.00000000000002527161 0.402632985777 0.697850438995 0.302149561005
0.39661426874299882117 -0.00000000070094653603 -0.00000000000001432012 0.000000000303 0.301692865477 0.39661426874299882117 0.00000000000002521341 0.401631665509 0.698307134220 0.301692865780
0.39752490220330399806 -0.00000000069979679713 -0.00000000000001431079 0.000000000302 0.301237548748 0.39752490220330399806 0.00000000000002515566 0.400635660591 0.698762450951 0.301237549049
0.39843279113841711947 -0.00000000069865575522 -0.00000000000001430150 0.000000000301 0.300783604281 0.39843279113841711947 0.00000000000002509834 0.399644926211 0.699216395419 0.300783604581
0.39933794793710714055 -0.00000000069752331200 -0.00000000000001429225 0.000000000299 0.300331025882 0.39933794793710714055 0.00000000000002504145 0.398659418089 0.699668973819 0.300331026181
0.40024038491369129389 -0.00000000069639937064 -0.00000000000001428304 0.000000000298 0.299879807394 0.40024038491369129389 0.00000000000002498498 0.397679092461 0.700120192308 0.299879807692
0.40114011430859231044 -0.00000000069528383574 -0.00000000000001427387 0.000000000297 0.299429942697 0.40114011430859231044 0.00000000000002492895 0.396703906077 0.700570057006 0.299429942994
0.40203714828889408617 -0.00000000069417661336 -0.00000000000001426474 0.000000000296 0.298981425708 0.40203714828889408617 0.00000000000002487332 0.395733816190 0.701018573996 0.298981426004
0.40293149894888857787 -0.00000000069307761092 -0.00000000000001425565 0.000000000295 0.298534250378 0.40293149894888857787 0.00000000000002481811 0.394768780552 0.701465749327 0.298534250673
0.40382317831062020108 -0.00000000069198673722 -0.00000000000001424659 0.000000000294 0.298088410698 0.40382317831062020108 0.00000000000002476331 0.393808757400 0.701911589008 0.298088410992
0.40471219832442439923 -0.00000000069090390242 -0.00000000000001423758 0.000000000293 0.297643900691 0.40471219832442439923 0.00000000000002470892 0.392853705455 0.702356099016 0.297643900984
0.40559857086946121685 -0.00000000068982901797 -0.00000000000001422860 0.000000000292 0.297200714419 0.40559857086946121685 0.00000000000002465492 0.391903583913 0.702799285289 0.297200714711
0.40648230775424332162 -0.00000000068876199664 -0.00000000000001421966 0.000000000291 0.296758845978 0.40648230775424332162 0.00000000000002460132 0.390958352436 0.703241153732 0.296758846268
0.40736342071716352686 -0.00000000068770275247 -0.00000000000001421076 0.000000000290 0.296318289497 0.40736342071716352686 0.00000000000002454810 0.390017971148 0.703681710214 0.296318289786
0.40824192142701065666 -0.00000000068665120072 -0.00000000000001420189 0.000000000289 0.295879039142 0.40824192142701065666 0.00000000000002449528 0.389082400625 0.704120960569 0.295879039431
0.40911782148348824206 -0.00000000068560725791 -0.00000000000001419307 0.000000000287 0.295441089115 0.40911782148348824206 0.00000000000002444284 0.388151601892 0.704558910598 0.295441089402
0.40999113241772255911 -0.00000000068457084176 -0.00000000000001418427 0.000000000286 0.295004433648 0.40999113241772255911 0.00000000000002439077 0.387225536411 0.704995566066 0.295004433934
0.41086186569276916813 -0.00000000068354187115 -0.00000000000001417552 0.000000000285 0.294569067011 0.41086186569276916813 0.00000000000002433908 0.386304166082 0.705430932704 0.294569067296
0.41173003270411490107 -0.00000000068252026614 -0.00000000000001416680 0.000000000284 0.294134983506 0.41173003270411490107 0.00000000000002428776 0.385387453231 0.705865016210 0.294134983790
0.41259564478017568545 -0.00000000068150594792 -0.00000000000001415812 0.000000000283 0.293702177468 0.41259564478017568545 0.00000000000002423680 0.384475360604 0.706297822248 0.293702177752
0.41345871318278781814 -0.00000000068049883881 -0.00000000000001414948 0.000000000282 0.293270643267 0.41345871318278781814 0.00000000000002418621 0.383567851364 0.706729356450 0.293270643550
0.41431924910769696302 -0.00000000067949886223 -0.00000000000001414087 0.000000000281 0.292840375305 0.41431924910769696302 0.00000000000002413598 0.382664889084 0.707159624413 0.292840375587
0.41517726368504231926 -0.00000000067850594268 -0.00000000000001413230 0.000000000280 0.292411368017 0.41517726368504231926 0.00000000000002408610 0.381766437738 0.707588631702 0.292411368298
0.41603276797983673729 -0.00000000067752000570 -0.00000000000001412376 0.000000000279 0.291983615870 0.41603276797983673729 0.00000000000002403657 0.380872461699 0.708016383850 0.291983616150
0.41688577299244172769 -0.00000000067654097791 -0.00000000000001411526 0.000000000278 0.291557113365 0.41688577299244172769 0.00000000000002398739 0.379982925733 0.708442886357 0.291557113643
0.41773628965903941701 -0.00000000067556878693 -0.00000000000001410679 0.000000000277 0.291131855032 0.41773628965903941701 0.00000000000002393855 0.379097794991 0.708868144691 0.291131855309
0.41858432885210017371 -0.00000000067460336139 -0.00000000000001409836 0.000000000276 0.290707835436 0.41858432885210017371 0.00000000000002389005 0.378217035005 0.709292164288 0.290707835712
0.41942990138084562668 -0.00000000067364463092 -0.00000000000001408996 0.000000000276 0.290285049172 0.41942990138084562668 0.00000000000002384189 0.377340611682 0.709714950553 0.290285049447
0.42027301799170641017 -0.00000000067269252612 -0.00000000000001408160 0.000000000275 0.289863490867 0.42027301799170641017 0.00000000000002379406 0.376468491302 0.710136508859 0.289863491141
0.42111368936878157410 -0.00000000067174697854 -0.00000000000001407327 0.000000000274 0.289443155179 0.42111368936878157410 0.00000000000002374656 0.375600640506 0.710556844548 0.289443155452
0.42195192613428444961 -0.00000000067080792067 -0.00000000000001406497 0.000000000273 0.289024036797 0.42195192613428444961 0.00000000000002369938 0.374737026299 0.710975962931 0.289024037069
0.42278773884899462088 -0.00000000066987528593 -0.00000000000001405671 0.000000000272 0.288606130440 0.42278773884899462088 0.00000000000002365253 0.373877616037 0.711393869289 0.288606130711
0.42362113801269829505 -0.00000000066894900863 -0.00000000000001404848 0.000000000271 0.288189430858 0.42362113801269829505 0.00000000000002360600 0.373022377428 0.711810568871 0.288189431129
0.42445213406463039307 -0.00000000066802902401 -0.00000000000001404029 0.000000000270 0.287773932833 0.42445213406463039307 0.00000000000002355978 0.372171278526 0.712226066897 0.287773933103
0.42528073738390870240 -0.00000000066711526814 -0.00000000000001403212 0.000000000269 0.287359631174 0.42528073738390870240 0.00000000000002351388 0.371324287724 0.712640368557 0.287359631443
0.42610695828996653090 -0.00000000066620767800 -0.00000000000001402399 0.000000000268 0.286946520721 0.42610695828996653090 0.00000000000002346829 0.370481373750 0.713053479011 0.286946520989
0.42693080704298125294 -0.00000000066530619137 -0.00000000000001401590 0.000000000267 0.286534596345 0.42693080704298125294 0.00000000000002342300 0.369642505664 0.713465403388 0.286534596612
0.42775229384429913626 -0.00000000066441074690 -0.00000000000001400783 0.000000000266 0.286123852945 0.42775229384429913626 0.00000000000002337802 0.368807652853 0.713876146789 0.286123853211
0.42857142883685694912 -0.00000000066352128404 -0.00000000000001399980 0.000000000265 0.285714285449 0.42857142883685694912 0.00000000000002333333 0.367976785026 0.714285714286 0.285714285714
