NaH2_vol(i,1) Na2H_vol(i,1) Tot_vol(i,1) H3A(i,1) H2A(i,1) HA(i,1) A(i,1) NaH2(i,1) Na2H(i,1) H(i,1)  OH(i,1) PH(i,1) FNaH2(i,1) FNa2H(i,1) Beta(i,1)
877.000000000000 0.000000000000 877.000000000000 0.004361501780 0.991245847072 0.004392651081 0.000000000067 0.000000000000 0.000000000000 0.00003114975772750790 0.00000000032102978416 4.506545326790 1.000000000000 0.000000000000 0.000000000000
877.000000000000 13.666666666667 890.666666666667 0.001140870136 0.982365728802 0.016493400102 0.000000000960 0.000000000000 0.000000000000 0.00000822172617957838 0.00000000121628959437 5.085036991272 0.984655688623 0.015344311377 0.026524688806
877.000000000000 27.333333333333 904.333333333333 0.000593477818 0.968583868946 0.030822649835 0.000000003401 0.000000000000 0.000000000000 0.00000433777737733153 0.00000000230532808167 5.362732740537 0.969775156653 0.030224843347 0.053585739101
877.000000000000 41.000000000000 918.000000000000 0.000394282561 0.954546212082 0.045059497982 0.000000007375 0.000000000000 0.000000000000 0.00000292422381516317 0.00000000341971088128 5.533989390274 0.955337690632 0.044662309368 0.084303097389
877.000000000000 54.666666666667 931.666666666667 0.000292615563 0.940736376658 0.058970994961 0.000000012818 0.000000000000 0.000000000000 0.00000220206169546810 0.00000000454119883225 5.657170517505 0.941323792487 0.058676207513 0.113766600942
877.000000000000 68.333333333333 945.333333333333 0.000231179832 0.927250992312 0.072517808191 0.000000019665 0.000000000000 0.000000000000 0.00000176503221906746 0.00000000566561895696 5.753247362551 0.927715091678 0.072284908322 0.141643918487
877.000000000000 82.000000000000 959.000000000000 0.000190122012 0.914112583060 0.085697267071 0.000000027857 0.000000000000 0.000000000000 0.00000147242341425878 0.00000000679152470897 5.831967285084 0.914494264859 0.085505735141 0.167947660436
877.000000000000 95.666666666667 972.666666666667 0.000160786252 0.901322172154 0.098517004256 0.000000037337 0.000000000000 0.000000000000 0.00000126289969246855 0.00000000791828524438 5.898631142507 0.901644962303 0.098355037697 0.192747660472
877.000000000000 109.333333333333 986.333333333333 0.000138804400 0.888873083239 0.110988064309 0.000000048052 0.000000000000 0.000000000000 0.00000110551204308974 0.00000000904558214676 5.956436521996 0.889151740453 0.110848259547 0.216125591778
877.000000000000 123.000000000000 1000.000000000000 0.000121736097 0.876755614960 0.123122588993 0.000000059951 0.000000000000 0.000000000000 0.00000098297125222517 0.00000001017323749536 6.007459183269 0.877000000000 0.123000000000 0.238163595346
