NaH2_vol(i,1) Na2H_vol(i,1) Tot_vol(i,1) H3A(i,1) H2A(i,1) HA(i,1) A(i,1) NaH2(i,1) Na2H(i,1) H(i,1)  OH(i,1) PH(i,1) FNaH2(i,1) FNa2H(i,1) Beta(i,1)
877.000000000000 123.000000000000 1000.000000000000 0.000121736097 0.876755614960 0.123122588993 0.000000059951 0.000000000000 0.000000000000 0.00000098297125222517 0.00000001017323749536 6.007459183269 0.877000000000 0.123000000000 0.000000000000
850.000000000000 150.000000000000 1000.000000000000 0.000093816863 0.849811689436 0.150094401782 0.000000091919 0.000000000000 0.000000000000 0.00000078155258959995 0.00000001279504429141 6.107041793583 0.850000000000 0.150000000000 0.000000000000
815.000000000000 185.000000000000 1000.000000000000 0.000069956648 0.814859641122 0.185070256486 0.000000145744 0.000000000000 0.000000000000 0.00000060777968746648 0.00000001645333038635 6.216253818518 0.815000000000 0.185000000000 0.000000000000
775.000000000000 225.000000000000 1000.000000000000 0.000052023984 0.774895724413 0.225052024970 0.000000226633 0.000000000000 0.000000000000 0.00000047529181967116 0.00000002103970568422 6.323039660358 0.775000000000 0.225000000000 0.000000000000
735.000000000000 265.000000000000 1000.000000000000 0.000039734728 0.734920505329 0.265039428522 0.000000331421 0.000000000000 0.000000000000 0.00000038276293717739 0.00000002612583149702 6.417070121466 0.735000000000 0.265000000000 0.000000000000
685.000000000000 315.000000000000 1000.000000000000 0.000029037434 0.684942160720 0.315028299451 0.000000502395 0.000000000000 0.000000000000 0.00000030012649100711 0.00000003331928470041 6.522695669385 0.685000000000 0.315000000000 0.000000000000
625.000000000000 375.000000000000 1000.000000000000 0.000020307255 0.624959979210 0.375018933248 0.000000780287 0.000000000000 0.000000000000 0.00000023003769805339 0.00000004347113575132 6.638200986961 0.625000000000 0.375000000000 0.000000000000
565.000000000000 435.000000000000 1000.000000000000 0.000014307151 0.564972423583 0.435012107883 0.000001161383 0.000000000000 0.000000000000 0.00000017927754867420 0.00000005577943291813 6.746474094696 0.565000000000 0.435000000000 0.000000000000
510.000000000000 490.000000000000 1000.000000000000 0.000010349165 0.509980860102 0.490007158241 0.000001632492 0.000000000000 0.000000000000 0.00000014366515727249 0.00000006960629974485 6.842648547378 0.510000000000 0.490000000000 0.000000000000
450.000000000000 550.000000000000 1000.000000000000 0.000007061530 0.446925749771 0.551533596371 0.000002359981 0.000000000000 0.000000000000 0.00000011185706119954 0.00000008939980983552 6.951336594999 0.450000000000 0.550000000000 0.000000000000
390.000000000000 610.000000000000 1000.000000000000 0.000004861681 0.389993609958 0.609998220100 0.000003308260 0.000000000000 0.000000000000 0.00000008825288742549 0.00000011331074021167 7.054271076621 0.390000000000 0.610000000000 0.000000000000
330.000000000000 670.000000000000 1000.000000000000 0.000003169189 0.329996785786 0.669994492600 0.000004716640 0.000000000000 0.000000000000 0.00000006798897237223 0.00000014708267607358 7.167561522974 0.330000000000 0.670000000000 0.000000000000
