Acid_vol Base_vol  Tot_vol  HA(i,1)  A(i,1) H(i,1)  OH(i,1)  PH(i,1) FHA(i,1) FNa(i,1) Beta(i,1)
10.000000000000 0.000000000000 10.000000000000 0.990049875001 0.009950124999 0.00995012499972379276 0.00000000000100501250 2.002171463340 1.000000000000 0.000000000000
0.000000000000 10.000000000000 0.050100200401 10.050100200401 0.982302699924 0.012712255211 0.00772721034657922710 0.00000000000129412809 2.111977265429 0.995014955135 0.004985044865
0.045398738232 10.000000000000 0.100200400802 10.100200400802 0.974073140534 0.016006224545 0.00608558962649608307 0.00000000000164322615 2.215697337051 0.990079365079 0.009920634921
0.047585679204 10.000000000000 0.150300601202 10.150300601202 0.965485734239 0.019706763293 0.00489926082684506454 0.00000000000204112423 2.309869438959 0.985192497532 0.014807502468
0.051892943327 10.000000000000 0.200400801603 10.200400801603 0.956668210361 0.023685424217 0.00403905879671377557 0.00000000000247582432 2.393719824745 0.980353634578 0.019646365422
0.057708296857 10.000000000000 0.250501002004 10.250501002004 0.947720205522 0.027841866814 0.00340393915338774774 0.00000000000293777284 2.468018211685 0.975562072336 0.024437927664
0.064490797696 10.000000000000 0.300601202405 10.300601202405 0.938710511417 0.032106609206 0.00292372983204761648 0.00000000000342028866 2.534062760945 0.970817120623 0.029182879377
0.071844713407 10.000000000000 0.350701402806 10.350701402806 0.929684483738 0.036433618876 0.00255172149355972723 0.00000000000391892298 2.593166728231 0.966118102614 0.033881897386
0.079504273987 10.000000000000 0.400801603206 10.400801603206 0.920671751469 0.040792603059 0.00225695759139635244 0.00000000000443074342 2.646476601310 0.961464354528 0.038535645472
0.087296176430 10.000000000000 0.450901803607 10.450901803607 0.911691799934 0.045163425378 0.00201865069424995817 0.00000000000495380406 2.694938824535 0.956855225312 0.043144774688
0.095107671700 10.000000000000 0.501002004008 10.501002004008 0.902757595867 0.049532480468 0.00182255680985269047 0.00000000000548679742 2.739318925660 0.952290076336 0.047709923664
0.102864771825 10.000000000000 0.551102204409 10.551102204409 0.893877866730 0.053890414371 0.00165869547888893324 0.00000000000602883418 2.780233339098 0.947768281102 0.052231718898
0.110518393258 10.000000000000 0.601202404810 10.601202404810 0.885058532335 0.058230692618 0.00151991757705028773 0.00000000000657930414 2.818179962583 0.943289224953 0.056710775047
0.118035696920 10.000000000000 0.651302605210 10.651302605210 0.876303615239 0.062548689559 0.00140099436362447279 0.00000000000713778746 2.853563611932 0.938852304798 0.061147695202
0.125394645174 10.000000000000 0.701402805611 10.701402805611 0.867615830203 0.066841098636 0.00129802748294680689 0.00000000000770399713 2.886716112185 0.934456928839 0.065543071161
0.132580527118 10.000000000000 0.751503006012 10.751503006012 0.858996973536 0.071105542773 0.00120805909080422768 0.00000000000827774078 2.917911822186 0.930102516309 0.069897483691
0.139583696902 10.000000000000 0.801603206413 10.801603206413 0.850448185488 0.075340311729 0.00112880895495467873 0.00000000000885889499 2.947379553938 0.925788497217 0.074211502783
0.146398071241 10.000000000000 0.851703406814 10.851703406814 0.841970130527 0.079544181569 0.00105849367473058562 0.00000000000944738758 2.975311732862 0.921514312096 0.078485687904
0.153020111059 10.000000000000 0.901803607214 10.901803607214 0.833563123490 0.083716288274 0.00099570004914472450 0.00000000001004318520 3.001871471436 0.917279411765 0.082720588235
0.159448118042 10.000000000000 0.951903807615 10.951903807615 0.825227219363 0.087856037728 0.00093929482902417323 0.00000000001064628452 3.027198068521 0.913083257091 0.086916742909
0.165681740034 10.000000000000 1.002004008016 11.002004008016 0.816962278175 0.091963040587 0.00088835935932826682 0.00000000001125670585 3.051411317777 0.908925318761 0.091074681239
0.171721617584 10.000000000000 1.052104208417 11.052104208417 0.808768012598 0.096037064464 0.00084214153890269485 0.00000000001187448848 3.074614910402 0.904805077063 0.095194922937
0.177569127563 10.000000000000 1.102204408818 11.102204408818 0.800644023313 0.100077998348 0.00080002002091476929 0.00000000001249968718 3.096899144428 0.900722021661 0.099277978339
0.183226194681 10.000000000000 1.152304609218 11.152304609218 0.792589825604 0.104085825788 0.00076147719403850574 0.00000000001313236966 3.118343099093 0.896675651393 0.103324348607
0.188695151209 10.000000000000 1.202404809619 11.202404809619 0.784604869586 0.108060604475 0.00072607854953084900 0.00000000001377261456 3.139016393374 0.892665474061 0.107334525939
0.193978631434 10.000000000000 1.252505010020 11.252505010020 0.776688555729 0.112002450505 0.00069345675226744241 0.00000000001442050996 3.158980618711 0.888691006233 0.111308993767
0.199079491460 10.000000000000 1.302605210421 11.302605210421 0.768840246896 0.115911526154 0.00066329921829980597 0.00000000001507615225 3.178290514519 0.884751773050 0.115248226950
0.204000747743 10.000000000000 1.352705410822 11.352705410822 0.761059277744 0.119788030288 0.00063533833548660274 0.00000000001573964523 3.196994939111 0.880847308032 0.119152691968
0.208745529621 10.000000000000 1.402805611222 11.402805611222 0.753344962119 0.123632190781 0.00060934369710732123 0.00000000001641109943 3.215137676738 0.876977152900 0.123022847100
0.213317042420 10.000000000000 1.452905811623 11.452905811623 0.745696598919 0.127444258474 0.00058511588348556616 0.00000000001709063159 3.232758112423 0.873140857393 0.126859142607
0.217718538608 10.000000000000 1.503006012024 11.503006012024 0.738113476761 0.131224502333 0.00056248144488125356 0.00000000001777836423 3.249891799472 0.869337979094 0.130662020906
0.221953295165 10.000000000000 1.553106212425 11.553106212425 0.730594877716 0.134973205545 0.00054128882452341299 0.00000000001847442538 3.266570939282 0.865568083261 0.134431916739
0.226024595744 10.000000000000 1.603206412826 11.603206412826 0.723140080315 0.138690662344 0.00052140502330275118 0.00000000001917894833 3.282824789082 0.861830742660 0.138169257340
0.229935716603 10.000000000000 1.653306613226 11.653306613226 0.715748361972 0.142377175431 0.00050271285394366068 0.00000000001989207143 3.298680010086 0.858125537403 0.141874462597
0.233689915488 10.000000000000 1.703406813627 11.703406813627 0.708419000943 0.146033053852 0.00048510866701532621 0.00000000002061393803 3.314160966142 0.854452054795 0.145547945205
0.237290422858 10.000000000000 1.753507014028 11.753507014028 0.701151277910 0.149658611263 0.00046850045713668799 0.00000000002134469636 3.329289981016 0.850809889173 0.149190110827
0.240740434982 10.000000000000 1.803607214429 11.803607214429 0.693944477276 0.153254164490 0.00045280627745865126 0.00000000002208449948 3.344087560957 0.847198641766 0.152801358234
0.244043108515 10.000000000000 1.853707414830 11.853707414830 0.686797888199 0.156820032342 0.00043795290559719790 0.00000000002283350532 3.358572587987 0.843617920541 0.156382079459
0.247201556294 10.000000000000 1.903807615230 11.903807615230 0.679710805442 0.160356534625 0.00042387471582149011 0.00000000002359187662 3.372762488378 0.840067340067 0.159932659933
0.250218844087 10.000000000000 1.953907815631 11.953907815631 0.672682530052 0.163863991322 0.00041051272132715711 0.00000000002435978103 3.386673380039 0.836546521375 0.163453478625
0.253097988144 10.000000000000 2.004008016032 12.004008016032 0.665712369907 0.167342721913 0.00039781375747824414 0.00000000002513739108 3.400320201871 0.833055091820 0.166944908180
0.255841953376 10.000000000000 2.054108216433 12.054108216433 0.658799640152 0.170793044802 0.00038572978244801460 0.00000000002592488435 3.413716827679 0.829592684954 0.170407315046
0.258453652065 10.000000000000 2.104208416834 12.104208416834 0.651943663545 0.174215276852 0.00037421727607686768 0.00000000002672244346 3.426876166778 0.826158940397 0.173841059603
0.260935942993 10.000000000000 2.154308617234 12.154308617234 0.645143770726 0.177609732984 0.00036323672125801134 0.00000000002753025621 3.439810253120 0.822753503710 0.177246496290
0.263291630926 10.000000000000 2.204408817635 12.204408817635 0.638399300419 0.180976725854 0.00035275215495579907 0.00000000002834851569 3.452530324469 0.819376026273 0.180623973727
0.265523466381 10.000000000000 2.254509018036 12.254509018036 0.631709599586 0.184316565581 0.00034273077820950684 0.00000000002917742040 3.465046892925 0.816026165168 0.183973834832
0.267634145628 10.000000000000 2.304609218437 12.304609218437 0.625074023538 0.187629559524 0.00033314261629242636 0.00000000003001717436 3.477369807907 0.812703583062 0.187296416938
0.269626310880 10.000000000000 2.354709418838 12.354709418838 0.618491935997 0.190916012097 0.00032396022167276178 0.00000000003086798727 3.489508312536 0.809407948094 0.190592051906
0.271502550645 10.000000000000 2.404809619238 12.404809619238 0.611962709146 0.194176224618 0.00031515841362711976 0.00000000003173007468 3.501471094240 0.806138933764 0.193861066236
0.273265400201 10.000000000000 2.454909819639 12.454909819639 0.605485723634 0.197410495191 0.00030671404934539857 0.00000000003260365810 3.513266330267 0.802896218825 0.197103781175
0.274917342179 10.000000000000 2.505010020040 12.505010020040 0.599060368570 0.200619118609 0.00029860582217850612 0.00000000003348896524 3.524901728710 0.799679487179 0.200320512821
0.276460807222 10.000000000000 2.555110220441 12.555110220441 0.592686041498 0.203802386276 0.00029081408335237597 0.00000000003438623015 3.536384565577 0.796488427773 0.203511572227
0.277898174719 10.000000000000 2.605210420842 12.605210420842 0.586362148350 0.206960586150 0.00028332068402919591 0.00000000003529569341 3.547721718343 0.793322734499 0.206677265501
0.279231773588 10.000000000000 2.655310621242 12.655310621242 0.580088103394 0.210094002702 0.00027610883506106230 0.00000000003621760237 3.558919696378 0.790182106097 0.209817893903
0.280463883095 10.000000000000 2.705410821643 12.705410821643 0.573863329169 0.213202916888 0.00026916298216941094 0.00000000003715221135 3.569984668612 0.787066246057 0.212933753943
0.281596733719 10.000000000000 2.755511022044 12.755511022044 0.567687256402 0.216287606127 0.00026246869460884963 0.00000000003809978182 3.580922488713 0.783974862529 0.216025137471
0.282632508022 10.000000000000 2.805611222445 12.805611222445 0.561559323937 0.219348344295 0.00025601256564829731 0.00000000003906058273 3.591738718056 0.780907668232 0.219092331768
0.283573341550 10.000000000000 2.855711422846 12.855711422846 0.555478978634 0.222385401725 0.00024978212343313051 0.00000000004003489066 3.602438646715 0.777864380359 0.222135619641
0.284421323737 10.000000000000 2.905811623246 12.905811623246 0.549445675284 0.225399045213 0.00024376575098817611 0.00000000004102299014 3.613027312670 0.774844720497 0.225155279503
0.285178498818 10.000000000000 2.955911823647 12.955911823647 0.543458876507 0.228389538032 0.00023795261428753042 0.00000000004202517392 3.623509519424 0.771848414540 0.228151585460
0.285846866742 10.000000000000 3.006012024048 13.006012024048 0.537518052654 0.231357139950 0.00023233259745897801 0.00000000004304174321 3.633889852174 0.768875192604 0.231124807396
0.286428384084 10.000000000000 3.056112224449 13.056112224449 0.531622681697 0.234302107252 0.00022689624431158694 0.00000000004407300804 3.644172692693 0.765924788949 0.234075211051
0.286924964955 10.000000000000 3.106212424850 13.106212424850 0.525772249132 0.237224692764 0.00022163470547899476 0.00000000004511928752 3.654362233033 0.762996941896 0.237003058104
0.287338481901 10.000000000000 3.156312625251 13.156312625251 0.519966247865 0.240125145890 0.00021653969055958935 0.00000000004618091018 3.664462488174 0.760091393755 0.239908606245
0.287670766797 10.000000000000 3.206412825651 13.206412825651 0.514204178110 0.243003712634 0.00021160342471158468 0.00000000004725821434 3.674477307708 0.757207890744 0.242792109256
0.287923611730 10.000000000000 3.256513026052 13.256513026052 0.508485547274 0.245860635643 0.00020681860922711409 0.00000000004835154843 3.684410386656 0.754346182918 0.245653817082
0.288098769868 10.000000000000 3.306613226453 13.306613226453 0.502809869857 0.248696154240 0.00020217838566642985 0.00000000004946127138 3.694265275489 0.751506024096 0.248493975904
0.288197956318 10.000000000000 3.356713426854 13.356713426854 0.497176667333 0.251510504460 0.00019767630318321807 0.00000000005058775300 3.704045389430 0.748687171793 0.251312828207
0.288222848974 10.000000000000 3.406813627255 13.406813627255 0.491585468053 0.254303919092 0.00019330628871479537 0.00000000005173137442 3.713754017106 0.745889387145 0.254110612855
0.288175089344 10.000000000000 3.456913827655 13.456913827655 0.486035807128 0.257076627720 0.00018906261974860271 0.00000000005289252848 3.723394328594 0.743112434847 0.256887565153
0.288056283365 10.000000000000 3.507014028056 13.507014028056 0.480527226327 0.259828856759 0.00018493989940922536 0.00000000005407162020 3.732969382925 0.740356083086 0.259643916914
0.287868002211 10.000000000000 3.557114228457 13.557114228457 0.475059273969 0.262560829505 0.00018093303363852332 0.00000000005526906723 3.742482135090 0.737620103474 0.262379896526
0.287611783068 10.000000000000 3.607214428858 13.607214428858 0.469631504820 0.265272766167 0.00017703721026680116 0.00000000005648530038 3.751935442592 0.734904270987 0.265095729013
0.287289129910 10.000000000000 3.657314629259 13.657314629259 0.464243479984 0.267964883919 0.00017324787979483493 0.00000000005772076410 3.761332071574 0.732208363903 0.267791636097
0.286901514254 10.000000000000 3.707414829659 13.707414829659 0.458894766807 0.270637396936 0.00016956073772578088 0.00000000005897591703 3.770674702569 0.729532163743 0.270467836257
0.286450375894 10.000000000000 3.757515030060 13.757515030060 0.453584938767 0.273290516440 0.00016597170830327305 0.00000000006025123259 3.779965935905 0.726875455208 0.273124544792
0.285937123622 10.000000000000 3.807615230461 13.807615230461 0.448313575382 0.275924450743 0.00016247692952697421 0.00000000006154719953 3.789208296780 0.724238026125 0.275761973875
0.285363135945 10.000000000000 3.857715430862 13.857715430862 0.443080262103 0.278539405287 0.00015907273932996063 0.00000000006286432259 3.798404240045 0.721619667390 0.278380332610
0.284729761765 10.000000000000 3.907815631263 13.907815631263 0.437884590223 0.281135582688 0.00015575566281438618 0.00000000006420312314 3.807556154721 0.719020172911 0.280979827089
0.284038321061 10.000000000000 3.957915831663 13.957915831663 0.432726156775 0.283713182780 0.00015252240045205532 0.00000000006556413989 3.816666368263 0.716439339555 0.283560660445
0.283290105547 10.000000000000 4.008016032064 14.008016032064 0.427604564441 0.286272402654 0.00014936981716597689 0.00000000006694792957 3.825737150597 0.713876967096 0.286123032904
0.282486379319 10.000000000000 4.058116232465 14.058116232465 0.422519421458 0.288813436703 0.00014629493221712586 0.00000000006835506773 3.834770717950 0.711332858161 0.288667141839
0.281628379483 10.000000000000 4.108216432866 14.108216432866 0.417470341524 0.291336476658 0.00014329490982803797 0.00000000006978614950 3.843769236489 0.708806818182 0.291193181818
0.280717316779 10.000000000000 4.158316633267 14.158316633267 0.412456943707 0.293841711636 0.00014036705048130850 0.00000000007124179048 3.852734825778 0.706298655343 0.293701344657
0.279754376169 10.000000000000 4.208416833667 14.208416833667 0.407478852362 0.296329328174 0.00013750878283716233 0.00000000007272262756 3.861669562082 0.703808180536 0.296191819464
0.278740717437 10.000000000000 4.258517034068 14.258517034068 0.402535697035 0.298799510273 0.00013471765621924178 0.00000000007422931990 3.870575481515 0.701335207309 0.298664792691
0.277677475758 10.000000000000 4.308617234469 14.308617234469 0.397627112384 0.301252439437 0.00013199133362256800 0.00000000007576254990 3.879454583063 0.698879551821 0.301120448179
0.276565762256 10.000000000000 4.358717434870 14.358717434870 0.392752738089 0.303688294710 0.00012932758520192280 0.00000000007732302420 3.888308831475 0.696441032798 0.303558967202
0.275406664555 10.000000000000 4.408817635271 14.408817635271 0.387912218773 0.306107252715 0.00012672428220251436 0.00000000007891147479 3.897140160048 0.694019471488 0.305980528512
0.274201247309 10.000000000000 4.458917835671 14.458917835671 0.383105203919 0.308509487696 0.00012417939129833749 0.00000000008052866015 3.905950473306 0.691614691615 0.308385308385
0.272950552725 10.000000000000 4.509018036072 14.509018036072 0.378331347787 0.310895171550 0.00012169096930664700 0.00000000008217536648 3.914741649591 0.689226519337 0.310773480663
0.271655601071 10.000000000000 4.559118236473 14.559118236473 0.373590309340 0.313264473867 0.00011925715824968961 0.00000000008385240892 3.923515543566 0.686854783207 0.313145216793
0.270317391172 10.000000000000 4.609218436874 14.609218436874 0.368881752163 0.315617561966 0.00011687618073742338 0.00000000008556063294 3.932273988653 0.684499314129 0.315500685871
0.268936900895 10.000000000000 4.659318637275 14.659318637275 0.364205344387 0.317954600931 0.00011454633564712188 0.00000000008730091577 3.941018799392 0.682159945318 0.317840054682
0.267515087620 10.000000000000 4.709418837675 14.709418837675 0.359560758618 0.320275753643 0.00011226599407786025 0.00000000008907416785 3.949751773755 0.679836512262 0.320163487738
0.266052888704 10.000000000000 4.759519038076 14.759519038076 0.354947671859 0.322581180823 0.00011003359555968448 0.00000000009088133446 3.958474695400 0.677528852682 0.322471147318
0.264551221928 10.000000000000 4.809619238477 14.809619238477 0.350365765439 0.324871041057 0.00010784764449897494 0.00000000009272339740 3.967189335886 0.675236806495 0.324763193505
0.263010985938 10.000000000000 4.859719438878 14.859719438878 0.345814724945 0.327145490833 0.00010570670684301302 0.00000000009460137676 3.975897456851 0.672960215779 0.327039784221
0.261433060674 10.000000000000 4.909819639279 14.909819639279 0.341294240152 0.329404684579 0.00010360940694813469 0.00000000009651633278 3.984600812156 0.670698924731 0.329301075269
0.259818307786 10.000000000000 4.959919839679 14.959919839679 0.336804004950 0.331648774688 0.00010155442463716241 0.00000000009846936789 3.993301150017 0.668452779638 0.331547220362
0.258167571046 10.000000000000 5.010020040080 15.010020040080 0.332343717285 0.333877911554 0.00009954049243286293 0.00000000010046162879 4.002000215105 0.666221628838 0.333778371162
0.256481676742 10.000000000000 5.060120240481 15.060120240481 0.327913079085 0.336092243603 0.00009756639295528384 0.00000000010249430872 4.010699750648 0.664005322688 0.335994677312
0.254761434070 10.000000000000 5.110220440882 15.110220440882 0.323511796204 0.338291917324 0.00009563095647180465 0.00000000010456864983 4.019401500520 0.661803713528 0.338196286472
0.253007635513 10.000000000000 5.160320641283 15.160320641283 0.319139578350 0.340477077301 0.00009373305858946895 0.00000000010668594571 4.028107211344 0.659616655651 0.340383344349
0.251221057207 10.000000000000 5.210420841683 15.210420841683 0.314796139031 0.342647866239 0.00009187161808013285 0.00000000010884754409 4.036818634587 0.657444005270 0.342555994730
0.249402459310 10.000000000000 5.260521042084 15.260521042084 0.310481195488 0.344804424998 0.00009004559482955849 0.00000000011105484970 4.045537528686 0.655285620486 0.344714379514
0.247552586348 10.000000000000 5.310621242485 15.310621242485 0.306194468638 0.346946892618 0.00008825398790228886 0.00000000011330932729 4.054265661183 0.653141361257 0.346858638743
0.245672167562 10.000000000000 5.360721442886 15.360721442886 0.301935683016 0.349075406351 0.00008649583371477340 0.00000000011561250491 4.063004810897 0.651011089367 0.348988910633
0.243761917244 10.000000000000 5.410821643287 15.410821643287 0.297704566715 0.351190101686 0.00008477020430974808 0.00000000011796597733 4.071756770122 0.648894668401 0.351105331599
0.241822535064 10.000000000000 5.460921843687 15.460921843687 0.293500851329 0.353291112378 0.00008307620572535120 0.00000000012037140975 4.080523346877 0.646791963707 0.353208036293
0.239854706390 10.000000000000 5.511022044088 15.511022044088 0.289324271901 0.355378570476 0.00008141297645299292 0.00000000012283054171 4.089306367190 0.644702842377 0.355297157623
0.237859102601 10.000000000000 5.561122244489 15.561122244489 0.285174566866 0.357452606348 0.00007977968597839804 0.00000000012534519129 4.098107677454 0.642627173213 0.357372826787
0.235836381391 10.000000000000 5.611222444890 15.611222444890 0.281051477996 0.359513348705 0.00007817553340063901 0.00000000012791725960 4.106929146834 0.640564826701 0.359435173299
0.233787187071 10.000000000000 5.661322645291 15.661322645291 0.276954750352 0.361560924632 0.00007659974612429339 0.00000000013054873555 4.115772669754 0.638515674984 0.361484325016
0.231712150850 10.000000000000 5.711422845691 15.711422845691 0.272884132228 0.363595459609 0.00007505157862031923 0.00000000013324170103 4.124640168459 0.636479591837 0.363520408163
0.229611891131 10.000000000000 5.761523046092 15.761523046092 0.268839375101 0.365617077537 0.00007353031125141952 0.00000000013599833633 4.133533595670 0.634456452638 0.365543547362
0.227487013775 10.000000000000 5.811623246493 15.811623246493 0.264820233584 0.367625900763 0.00007203524915805260 0.00000000013882092610 4.142454937336 0.632446134347 0.367553865653
0.225338112385 10.000000000000 5.861723446894 15.861723446894 0.260826465374 0.369622050103 0.00007056572120143642 0.00000000014171186562 4.151406215497 0.630448515477 0.369551484523
0.223165768558 10.000000000000 5.911823647295 15.911823647295 0.256857831207 0.371605644864 0.00006912107896018026 0.00000000014467366758 4.160389491264 0.628463476071 0.371536523929
0.220970552150 10.000000000000 5.961923847695 15.961923847695 0.252914094807 0.373576802871 0.00006770069577744233 0.00000000014770896939 4.169406867936 0.626490897677 0.373509102323
0.218753021526 10.000000000000 6.012024048096 16.012024048096 0.248995022843 0.375535640486 0.00006630396585557895 0.00000000015082054099 4.178460494255 0.624530663329 0.375469336671
0.216513723804 10.000000000000 6.062124248497 16.062124248497 0.245100384885 0.377482272632 0.00006493030339565418 0.00000000015401129329 4.187552567823 0.622582657517 0.377417342483
0.214253195098 10.000000000000 6.112224448898 16.112224448898 0.241229953354 0.379416812815 0.00006357914177915452 0.00000000015728428727 4.196685338691 0.620646766169 0.379353233831
0.211971960751 10.000000000000 6.162324649299 16.162324649299 0.237383503483 0.381339373145 0.00006224993278954117 0.00000000016064274372 4.205861113134 0.618722876627 0.381277123373
0.209670535561 10.000000000000 6.212424849699 16.212424849699 0.233560813272 0.383250064355 0.00006094214587142675 0.00000000016409005389 4.215082257634 0.616810877627 0.383189122373
0.207349424013 10.000000000000 6.262525050100 16.262525050100 0.229761663446 0.385148995827 0.00005965526742523384 0.00000000016762979082 4.224351203080 0.614910659273 0.385089340727
0.205009120488 10.000000000000 6.312625250501 16.312625250501 0.225985837415 0.387036275607 0.00005838880013535684 0.00000000017126572180 4.233670449221 0.613022113022 0.386977886978
0.202650109480 10.000000000000 6.362725450902 16.362725450902 0.222233121232 0.388912010428 0.00005714226233004653 0.00000000017500182163 4.243042569378 0.611145131660 0.388854868340
0.200272865808 10.000000000000 6.412825651303 16.412825651303 0.218503303551 0.390776305729 0.00005591518737122774 0.00000000017884228722 4.252470215447 0.609279609280 0.390720390720
0.197877854813 10.000000000000 6.462925851703 16.462925851703 0.214796175592 0.392629265674 0.00005470712307264678 0.00000000018279155324 4.261956123214 0.607425441266 0.392574558734
0.195465532563 10.000000000000 6.513026052104 16.513026052104 0.211111531099 0.394470993172 0.00005351763114483402 0.00000000018685430925 4.271503118026 0.605582524272 0.394417475728
0.193036346040 10.000000000000 6.563126252505 16.563126252505 0.207449166306 0.396301589895 0.00005234628666545085 0.00000000019103551822 4.281114120822 0.603750756201 0.396249243799
0.190590733340 10.000000000000 6.613226452906 16.613226452906 0.203808879894 0.398121156294 0.00005119267757365484 0.00000000019534043684 4.290792154586 0.601930036188 0.398069963812
0.188129123848 10.000000000000 6.663326653307 16.663326653307 0.200190472960 0.399929791622 0.00005005640418726150 0.00000000019977463748 4.300540351246 0.600120264582 0.399879735418
0.185651938425 10.000000000000 6.713426853707 16.713426853707 0.196593748977 0.401727593949 0.00004893707874147291 0.00000000020434403232 4.310361959061 0.598321342926 0.401678657074
0.183159589585 10.000000000000 6.763527054108 16.763527054108 0.193018513762 0.403514660177 0.00004783432494808694 0.00000000020905489961 4.320260350548 0.596533173939 0.403466826061
0.180652481665 10.000000000000 6.813627254509 16.813627254509 0.189464575440 0.405291086062 0.00004674777757411297 0.00000000021391391247 4.330239031000 0.594755661502 0.405244338498
0.178131010995 10.000000000000 6.863727454910 16.863727454910 0.185931744408 0.407056966227 0.00004567708203882804 0.00000000021892817040 4.340301647646 0.592988710636 0.407011289364
0.175595566067 10.000000000000 6.913827655311 16.913827655311 0.182419833306 0.408812394182 0.00004462189402830715 0.00000000022410523394 4.350451999525 0.591232227488 0.408767772512
0.173046527688 10.000000000000 6.963927855711 16.963927855711 0.178928656980 0.410557462335 0.00004358187912659139 0.00000000022945316265 4.360694048144 0.589486119315 0.410513880685
0.170484269148 10.000000000000 7.014028056112 17.014028056112 0.175458032451 0.412292262013 0.00004255671246261694 0.00000000023498055703 4.371031928986 0.587750294464 0.412249705536
0.167909156365 10.000000000000 7.064128256513 17.064128256513 0.172007778883 0.414016883477 0.00004154607837216391 0.00000000024069660463 4.381469963979 0.586024662361 0.413975337639
0.165321548041 10.000000000000 7.114228456914 17.114228456914 0.168577717555 0.415731415934 0.00004054967007406108 0.00000000024661113103 4.392012675006 0.584309133489 0.415690866511
0.162721795806 10.000000000000 7.164328657315 17.164328657315 0.165167671826 0.417435947555 0.00003956718935995532 0.00000000025273465621 4.402664798579 0.582603619381 0.417396380619
0.160110244363 10.000000000000 7.214428857715 17.214428857715 0.161777467105 0.419130565491 0.00003859834629700188 0.00000000025907845696 4.413431301791 0.580908032596 0.419091967404
0.157487231630 10.000000000000 7.264529058116 17.264529058116 0.158406930825 0.420815355884 0.00003764285894282145 0.00000000026565463625 4.424317399699 0.579222286709 0.420777713291
0.154853088874 10.000000000000 7.314629258517 17.314629258517 0.155055892412 0.422490403884 0.00003670045307217298 0.00000000027247620023 4.435328574289 0.577546296296 0.422453703704
0.152208140848 10.000000000000 7.364729458918 17.364729458918 0.151724183255 0.424155793664 0.00003577086191476319 0.00000000027955714413 4.446470595207 0.575879976919 0.424120023081
0.149552705920 10.000000000000 7.414829659319 17.414829659319 0.148411636680 0.425811608430 0.00003485382590365905 0.00000000028691254807 4.457749542454 0.574223245109 0.425776754891
0.146887096200 10.000000000000 7.464929859719 17.464929859719 0.145118087920 0.427457930439 0.00003394909243384033 0.00000000029455868429 4.469171831288 0.572576018359 0.427423981641
0.144211617670 10.000000000000 7.515030060120 17.515030060120 0.141843374093 0.429094841010 0.00003305641563037913 0.00000000030251313729 4.480744239583 0.570938215103 0.429061784897
0.141526570300 10.000000000000 7.565130260521 17.565130260521 0.138587334167 0.430722420539 0.00003217555612583123 0.00000000031079493889 4.492473937965 0.569309754706 0.430690245294
0.138832248169 10.000000000000 7.615230460922 17.615230460922 0.135349808942 0.432340748510 0.00003130628084639506 0.00000000031942472020 4.504368523051 0.567690557452 0.432309442548
0.136128939585 10.000000000000 7.665330661323 17.665330661323 0.132130641018 0.433949903508 0.00003044836280645156 0.00000000032842488325 4.516436054205 0.566080544526 0.433919455474
0.133416927192 10.000000000000 7.715430861723 17.715430861723 0.128929674775 0.435549963234 0.00002960158091110364 0.00000000033781979517 4.528685094257 0.564479638009 0.435520361991
0.130696488088 10.000000000000 7.765531062124 17.765531062124 0.125746756342 0.437141004515 0.00002876571976633501 0.00000000034763600846 4.541124754730 0.562887760857 0.437112239143
0.127967893925 10.000000000000 7.815631262525 17.815631262525 0.122581733579 0.438723103316 0.00002794056949648051 0.00000000035790251166 4.553764746158 0.561304836895 0.438695163105
0.125231411022 10.000000000000 7.865731462926 17.865731462926 0.119434456047 0.440296334755 0.00002712592556865225 0.00000000036865101523 4.566615434249 0.559730790802 0.440269209198
0.122487300462 10.000000000000 7.915831663327 17.915831663327 0.116304774988 0.441860773110 0.00002632158862382943 0.00000000037991627872 4.579687902682 0.558165548098 0.441834451902
0.119735818195 10.000000000000 7.965931863727 17.965931863727 0.113192543301 0.443416491836 0.00002552736431431322 0.00000000039173648626 4.592994023537 0.556609035137 0.443390964863
0.116977215132 10.000000000000 8.016032064128 18.016032064128 0.110097615517 0.444963563571 0.00002474306314727247 0.00000000040415367897 4.606546536493 0.555061179088 0.444938820912
0.114211737242 10.000000000000 8.066132264529 18.066132264529 0.107019847779 0.446502060152 0.00002396850033411345 0.00000000041721425457 4.620359138140 0.553521907931 0.446478092069
0.111439625643 10.000000000000 8.116232464930 18.116232464930 0.103959097820 0.448032052622 0.00002320349564542042 0.00000000043096954669 4.634446582990 0.551991150442 0.448008849558
0.108661116688 10.000000000000 8.166332665331 18.166332665331 0.100915224938 0.449553611245 0.00002244787327123149 0.00000000044547649923 4.648824798105 0.550468836183 0.449531163817
0.105876442051 10.000000000000 8.216432865731 18.216432865731 0.097888089978 0.451066805511 0.00002170146168642116 0.00000000046079845425 4.663511013572 0.548954895490 0.451045104510
0.103085828811 10.000000000000 8.266533066132 18.266533066132 0.094877555308 0.452571704154 0.00002096409352097460 0.00000000047700607660 4.678523911574 0.547449259462 0.452550740538
0.100289499531 10.000000000000 8.316633266533 18.316633266533 0.091883484801 0.454068375155 0.00002023560543493954 0.00000000049417844364 4.693883797296 0.545951859956 0.454048140044
0.097487672327 10.000000000000 8.366733466934 18.366733466934 0.088905743812 0.455556885757 0.00001951583799787773 0.00000000051240433545 4.709612795649 0.544462629569 0.455537370431
0.094680560947 10.000000000000 8.416833667335 18.416833667335 0.085944199161 0.457037302472 0.00001880463557260124 0.00000000053178377009 4.725735078638 0.542981501632 0.457018498368
0.091868374831 10.000000000000 8.466933867735 18.466933867735 0.082998719108 0.458509691093 0.00001810184620305183 0.00000000055242983991 4.742277129279 0.541508410201 0.458491589799
0.089051319175 10.000000000000 8.517034068136 18.517034068136 0.080069173340 0.459974116704 0.00001740732150611678 0.00000000057447091998 4.759268049365 0.540043290043 0.459956709957
0.086229594987 10.000000000000 8.567134268537 18.567134268537 0.077155432946 0.461430643686 0.00001672091656724879 0.00000000059805333995 4.776739920127 0.538586076632 0.461413923368
0.083403399135 10.000000000000 8.617234468938 18.617234468938 0.074257370405 0.462879335731 0.00001604248983971468 0.00000000062334463664 4.794728227091 0.537136706136 0.462863293864
0.080572924389 10.000000000000 8.667334669339 18.667334669339 0.071374859558 0.464320255847 0.00001537190304734240 0.00000000065053754042 4.813272363353 0.535695115405 0.464304884595
0.077738359448 10.000000000000 8.717434869739 18.717434869739 0.068507775599 0.465753466371 0.00001470902109061320 0.00000000067985489574 4.832416229318 0.534261241970 0.465738758030
0.074899888969 10.000000000000 8.767535070140 18.767535070140 0.065655995051 0.467179028975 0.00001405371195597831 0.00000000071155578194 4.852208951981 0.532835024026 0.467164975974
0.072057693563 10.000000000000 8.817635270541 18.817635270541 0.062819395751 0.468597004675 0.00001340584662825393 0.00000000074594319011 4.872705753530 0.531416400426 0.468583599574
0.069211949789 10.000000000000 8.867735470942 18.867735470942 0.059997856833 0.470007453841 0.00001276529900599263 0.00000000078337373808 4.893969008111 0.530005310674 0.469994689326
0.066362830117 10.000000000000 8.917835671343 18.917835671343 0.057191258709 0.471410436206 0.00001213194581969951 0.00000000082427008401 4.916069537881 0.528601694915 0.471398305085
0.063510502862 10.000000000000 8.967935871743 18.967935871743 0.054399483053 0.472806010872 0.00001150566655279536 0.00000000086913695561 4.939088216472 0.527205493925 0.472794506075
0.060655132081 10.000000000000 9.018036072144 19.018036072144 0.051622412784 0.474194236320 0.00001088634336520466 0.00000000091858208625 4.963117971759 0.525816649104 0.474183350896
0.057796877418 10.000000000000 9.068136272545 19.068136272545 0.048859932052 0.475575170418 0.00001027386101948050 0.00000000097334390460 4.988266313527 0.524435102470 0.475564897530
0.054935893875 10.000000000000 9.118236472946 19.118236472946 0.046111926219 0.476948870427 0.00000966810680936536 0.00000000103432866405 5.014658560327 0.523060796646 0.476939203354
0.052072331489 10.000000000000 9.168336673347 19.168336673347 0.043378281845 0.478315393012 0.00000906897049069218 0.00000000110266099226 5.042442011241 0.521693674856 0.478306325144
0.049206334868 10.000000000000 9.218436873747 19.218436873747 0.040658886671 0.479674794247 0.00000847634421454682 0.00000000117975388291 5.071791415406 0.520333680918 0.479666319082
0.046338042536 10.000000000000 9.268537074148 19.268537074148 0.037953629606 0.481027129625 0.00000789012246259209 0.00000000126740745120 5.102916256054 0.518980759230 0.481019240770
0.043467585989 10.000000000000 9.318637274549 19.318637274549 0.035262400710 0.482372454062 0.00000731020198449896 0.00000000136795125787 5.136070623105 0.517634854772 0.482365145228
0.040595088318 10.000000000000 9.368737474950 19.368737474950 0.032585091180 0.483710821909 0.00000673648173738485 0.00000000148445440659 5.171566863253 0.516295913088 0.483704086912
0.037720662181 10.000000000000 9.418837675351 19.418837675351 0.029921593336 0.485042286953 0.00000616886282722037 0.00000000162104431239 5.209794886758 0.514963880289 0.485036119711
0.034844406731 10.000000000000 9.468937875752 19.468937875752 0.027271800608 0.486366902429 0.00000560724845211808 0.00000000178340590494 5.251250200279 0.513638703037 0.486361296963
0.031966402853 10.000000000000 9.519038076152 19.519038076152 0.024635607520 0.487684721022 0.00000505154384748773 0.00000000197959283378 5.296575872975 0.512320328542 0.487679671458
0.029086705525 10.000000000000 9.569138276553 19.569138276553 0.022012909679 0.488995794878 0.00000450165623302706 0.00000000222140463029 5.346627672774 0.511008704557 0.488991295443
0.026205331082 10.000000000000 9.619238476954 19.619238476954 0.019403603765 0.490300175601 0.00000395749476159125 0.00000000252685110213 5.402579651327 0.509703779367 0.490296220633
0.023322234962 10.000000000000 9.669338677355 19.669338677355 0.016807587520 0.491597914263 0.00000341897047011803 0.00000000292485708414 5.466104650218 0.508405501783 0.491594498217
0.020437270466 10.000000000000 9.719438877756 19.719438877756 0.014224759745 0.492889061393 0.00000288599623310651 0.00000000346500798764 5.539704240097 0.507113821138 0.492886178862
0.017550106555 10.000000000000 9.769539078156 19.769539078156 0.011655020310 0.494173666968 0.00000235848672012362 0.00000000424000691404 5.627366564783 0.505828687278 0.494171312722
0.014660047684 10.000000000000 9.819639278557 19.819639278557 0.009098270199 0.495451780357 0.00000183635836223653 0.00000000544556019437 5.736042563029 0.504550050556 0.495449949444
0.011765585251 10.000000000000 9.869739478958 19.869739478958 0.006554411700 0.496723450125 0.00000131952934746492 0.00000000757845971309 5.879580946255 0.503277861826 0.496722138174
0.008863056013 10.000000000000 9.919839679359 19.919839679359 0.004023349327 0.497988723108 0.00000080791976609554 0.00000001237746669861 6.092631766542 0.502012072435 0.497987927565
0.005941255655 10.000000000000 9.969939879760 19.969939879760 0.001505000158 0.499247634061 0.00000030145363859820 0.00000003317259677641 6.520779469757 0.500752634220 0.499247365780
0.002941597503 10.000000000000 10.020040080160 20.020040080160 0.000000049898 0.499499449602 0.00000000000998950195 0.00100105090849833068 11.000456164110 0.499499499499 0.500500500501
0.000279737759 10.000000000000 10.070140280561 20.070140280561 0.000000014257 0.498252606811 0.00000000000286141690 0.00349477212315335616 11.543418862805 0.498252621068 0.501747378932
0.002296434790 10.000000000000 10.120240480962 20.120240480962 0.000000008317 0.497011943875 0.00000000000167333100 0.00597610393586196428 11.776418142084 0.497011952191 0.502988047809
0.005324775600 10.000000000000 10.170340681363 20.170340681363 0.000000005871 0.495777440727 0.00000000000118411682 0.00844511267753221724 11.926605448449 0.495777446597 0.504222553403
0.008219773189 10.000000000000 10.220440881764 20.220440881764 0.000000004536 0.494549053937 0.00000000000091727235 0.01090188758980807984 12.037501699671 0.494549058474 0.505450941526
0.011076912969 10.000000000000 10.270541082164 20.270541082164 0.000000003696 0.493326738765 0.00000000000074925905 0.01334651877366534699 12.125368001690 0.493326742462 0.506673257538
0.013911089735 10.000000000000 10.320641282565 20.320641282565 0.000000003119 0.492110450530 0.00000000000063374987 0.01577909582155359938 12.198082113515 0.492110453649 0.507889546351
0.016726998134 10.000000000000 10.370741482966 20.370741482966 0.000000002697 0.490900144868 0.00000000000054945938 0.01819970756750026453 12.260064409807 0.490900147565 0.509099852435
0.019526641576 10.000000000000 10.420841683367 20.420841683367 0.000000002376 0.489695777800 0.00000000000048523804 0.02060844202339005490 12.314045160813 0.489695780177 0.510304219823
0.022311052849 10.000000000000 10.470941883768 20.470941883768 0.000000002123 0.488497305757 0.00000000000043468081 0.02300538636270604495 12.361829531397 0.488497307881 0.511502692119
0.025080842992 10.000000000000 10.521042084168 20.521042084168 0.000000001919 0.487304685581 0.00000000000039384612 0.02539062691962518450 12.404673424165 0.487304687500 0.512695312500
0.027836415029 10.000000000000 10.571142284569 20.571142284569 0.000000001751 0.486117874528 0.00000000000036017542 0.02776424919400460531 12.443485933695 0.486117876279 0.513882123721
0.030578059388 10.000000000000 10.621242484970 20.621242484970 0.000000001610 0.484936830266 0.00000000000033193547 0.03012633785879516995 12.478946342281 0.484936831876 0.515063168124
0.033306000977 10.000000000000 10.671342685371 20.671342685371 0.000000001490 0.483761510871 0.00000000000030791043 0.03247697676858068982 12.511575594651 0.483761512361 0.516238487639
0.036020424301 10.000000000000 10.721442885772 20.721442885772 0.000000001386 0.482591874823 0.00000000000028722221 0.03481624896860452401 12.541781979303 0.482591876209 0.517408123791
0.038721487699 10.000000000000 10.771543086172 20.771543086172 0.000000001296 0.481427881000 0.00000000000026922077 0.03714423670399683713 12.569891438236 0.481427882296 0.518572117704
0.041409331837 10.000000000000 10.821643286573 20.821643286573 0.000000001217 0.480269488677 0.00000000000025341463 0.03946102142906847410 12.596168322560 0.480269489894 0.519730510106
0.044084084999 10.000000000000 10.871743486974 20.871743486974 0.000000001147 0.479116657518 0.00000000000023942528 0.04176668381659236901 12.620829994601 0.479116658665 0.520883341335
0.046745866493 10.000000000000 10.921843687375 20.921843687375 0.000000001085 0.477969347574 0.00000000000022695652 0.04406130376700487239 12.644057343710 0.477969348659 0.522030651341
0.049394788920 10.000000000000 10.971943887776 20.971943887776 0.000000001029 0.476827519277 0.00000000000021577319 0.04634496041751969692 12.666002515571 0.476827520306 0.523172479694
0.052030959723 10.000000000000 11.022044088176 21.022044088176 0.000000000978 0.475691133435 0.00000000000020568627 0.04861773215118375679 12.686794696646 0.475691134414 0.524308865586
0.054654482275 10.000000000000 11.072144288577 21.072144288577 0.000000000933 0.474560151231 0.00000000000019654205 0.05087969660575760583 12.706544512962 0.474560152164 0.525439847836
0.057265456654 10.000000000000 11.122244488978 21.122244488978 0.000000000891 0.473434534213 0.00000000000018821428 0.05313093068253332135 12.725347423415 0.473434535104 0.526565464896
0.059863980208 10.000000000000 11.172344689379 21.172344689379 0.000000000853 0.472314244296 0.00000000000018059829 0.05537151055501919605 12.743286371386 0.472314245149 0.527685754851
0.062450147975 10.000000000000 11.222444889780 21.222444889780 0.000000000818 0.471199243752 0.00000000000017360655 0.05760151167750968831 12.760433881072 0.471199244570 0.528800755430
0.065024053002 10.000000000000 11.272545090180 21.272545090180 0.000000000786 0.470089495210 0.00000000000016716535 0.05982100879353081241 12.776853732496 0.470089495996 0.529910504004
0.067585786586 10.000000000000 11.322645290581 21.322645290581 0.000000000756 0.468984961650 0.00000000000016121212 0.06203007594419378962 12.792602312877 0.468984962406 0.531015037594
0.070135438464 10.000000000000 11.372745490982 21.372745490982 0.000000000728 0.467885606398 0.00000000000015569343 0.06422878647639708449 12.807729716634 0.467885607126 0.532114392874
0.072673096958 10.000000000000 11.422845691383 21.422845691383 0.000000000703 0.466791393123 0.00000000000015056338 0.06641721305095552030 12.822280648107 0.466791393826 0.533208606174
0.075198849099 10.000000000000 11.472945891784 21.472945891784 0.000000000679 0.465702285835 0.00000000000014578231 0.06859542765059491176 12.836295168006 0.465702286514 0.534297713486
0.077712780719 10.000000000000 11.523046092184 21.523046092184 0.000000000657 0.464618248878 0.00000000000014131579 0.07076350158781877231 12.849809314948 0.464618249534 0.535381750466
0.080214976530 10.000000000000 11.573146292585 21.573146292585 0.000000000636 0.463539246926 0.00000000000013713376 0.07292150551272362502 12.862855626372 0.463539247562 0.536460752438
0.082705520188 10.000000000000 11.623246492986 21.623246492986 0.000000000616 0.462465244982 0.00000000000013320988 0.07506950942063479737 12.875463577761 0.462465245598 0.537534754402
0.085184494348 10.000000000000 11.673346693387 21.673346693387 0.000000000598 0.461396208371 0.00000000000012952096 0.07720758265968551137 12.887659955071 0.461396208969 0.538603791031
0.087651980712 10.000000000000 11.723446893788 21.723446893788 0.000000000580 0.460332102741 0.00000000000012604651 0.07933579393829492954 12.899469172218 0.460332103321 0.539667896679
0.090108060061 10.000000000000 11.773547094188 21.773547094188 0.000000000564 0.459272894052 0.00000000000012276836 0.08145421133248820222 12.910913543048 0.459272894616 0.540727105384
0.092552812297 10.000000000000 11.823647294589 21.823647294589 0.000000000548 0.458218548579 0.00000000000011967033 0.08356290229319139617 12.922013515416 0.458218549128 0.541781450872
0.094986316468 10.000000000000 11.873747494990 21.873747494990 0.000000000534 0.457169032907 0.00000000000011673797 0.08566193365336839671 12.932787873534 0.457169033440 0.542830966560
0.097408650793 10.000000000000 11.923847695391 21.923847695391 0.000000000520 0.456124313923 0.00000000000011395833 0.08775137163508082982 12.943253913615 0.456124314442 0.543875685558
0.099819892688 10.000000000000 11.973947895792 21.973947895792 0.000000000507 0.455084358819 0.00000000000011131980 0.08983128185646085950 12.953427596934 0.455084359325 0.544915640675
0.102220118784 10.000000000000 12.024048096192 22.024048096192 0.000000000494 0.454049135084 0.00000000000010881188 0.09190172933857221338 12.963323683694 0.454049135578 0.545950864422
0.104609404947 10.000000000000 12.074148296593 22.074148296593 0.000000000482 0.453018610503 0.00000000000010642512 0.09396277851219110577 12.972955850535 0.453018610985 0.546981389015
0.106987826294 10.000000000000 12.124248496994 22.124248496994 0.000000000471 0.451992753152 0.00000000000010415094 0.09601449322448091239 12.982336794001 0.451992753623 0.548007246377
0.109355457211 10.000000000000 12.174348697395 22.174348697395 0.000000000460 0.450971531397 0.00000000000010198157 0.09805693674559760875 12.991478321959 0.450971531857 0.549028468143
0.111712371362 10.000000000000 12.224448897796 22.224448897796 0.000000000450 0.449954913888 0.00000000000009990991 0.10009017177517029462 13.000391434589 0.449954914337 0.550045085663
0.114058641709 10.000000000000 12.274549098196 22.274549098196 0.000000000440 0.448942869556 0.00000000000009792951 0.10211426044874308272 13.009086396364 0.448942869996 0.551057130004
0.116394340519 10.000000000000 12.324649298597 22.324649298597 0.000000000430 0.447935367613 0.00000000000009603448 0.10412926434409240650 13.017572800184 0.447935368043 0.552064631957
0.118719539378 10.000000000000 12.374749498998 22.374749498998 0.000000000421 0.446932377546 0.00000000000009421941 0.10613524448747260753 13.025859624662 0.446932377967 0.553067622033
0.121034309203 10.000000000000 12.424849699399 22.424849699399 0.000000000412 0.445933869114 0.00000000000009247934 0.10813226135976093667 13.033955285445 0.445933869526 0.554066130474
0.123338720249 10.000000000000 12.474949899800 22.474949899800 0.000000000404 0.444939812347 0.00000000000009080972 0.11012037490257975403 13.041867681271 0.444939812751 0.555060187249
0.125632842122 10.000000000000 12.525050100200 22.525050100200 0.000000000396 0.443950177540 0.00000000000008920635 0.11209964452423620829 13.049604235419 0.443950177936 0.556049822064
0.127916743789 10.000000000000 12.575150300601 22.575150300601 0.000000000388 0.442964935253 0.00000000000008766537 0.11407012910568083142 13.057171933086 0.442964935641 0.557035064359
0.130190493584 10.000000000000 12.625250501002 22.625250501002 0.000000000381 0.441984056306 0.00000000000008618321 0.11603188700633502994 13.064577355157 0.441984056687 0.558015943313
0.132454159221 10.000000000000 12.675350701403 22.675350701403 0.000000000374 0.441007511778 0.00000000000008475655 0.11798497606984931219 13.071826708786 0.441007512152 0.558992487848
0.134707807796 10.000000000000 12.725450901804 22.725450901804 0.000000000367 0.440035273002 0.00000000000008338235 0.11992945362978477131 13.078925855142 0.440035273369 0.559964726631
0.136951505802 10.000000000000 12.775551102204 22.775551102204 0.000000000360 0.439067311562 0.00000000000008205776 0.12186537651523580983 13.085880334624 0.439067311923 0.560932688077
0.139185319135 10.000000000000 12.825651302605 22.825651302605 0.000000000354 0.438103599295 0.00000000000008078014 0.12379280105635354081 13.092695389818 0.438103599649 0.561896400351
0.141409313097 10.000000000000 12.875751503006 22.875751503006 0.000000000348 0.437144108281 0.00000000000007954704 0.12571178308982047800 13.099375986445 0.437144108629 0.562855891371
0.143623552410 10.000000000000 12.925851703407 22.925851703407 0.000000000342 0.436188810847 0.00000000000007835616 0.12762237796424019676 13.105926832491 0.436188811189 0.563811188811
0.145828101219 10.000000000000 12.975951903808 22.975951903808 0.000000000336 0.435237679559 0.00000000000007720539 0.12952464054543824656 13.112352395714 0.435237679895 0.564762320105
0.148023023103 10.000000000000 13.026052104208 23.026052104208 0.000000000330 0.434290687224 0.00000000000007609272 0.13141862522175043471 13.118656919697 0.434290687554 0.565709312446
0.150208381076 10.000000000000 13.076152304609 23.076152304609 0.000000000325 0.433347806883 0.00000000000007501629 0.13330438590917761954 13.124844438572 0.433347807208 0.566652192792
0.152384237599 10.000000000000 13.126252505010 23.126252505010 0.000000000320 0.432409011812 0.00000000000007397436 0.13518197605651693927 13.130918790563 0.432409012132 0.567590987868
0.154550654583 10.000000000000 13.176352705411 23.176352705411 0.000000000315 0.431474275517 0.00000000000007296530 0.13705144865039040059 13.136883630445 0.431474275832 0.568525724168
0.156707693400 10.000000000000 13.226452905812 23.226452905812 0.000000000310 0.430543571735 0.00000000000007198758 0.13891285622028184954 13.142742441037 0.430543572045 0.569456427955
0.158855414882 10.000000000000 13.276553106212 23.276553106212 0.000000000305 0.429616874426 0.00000000000007103976 0.14076625084337046623 13.148498543802 0.429616874731 0.570383125269
0.160993879339 10.000000000000 13.326653306613 23.326653306613 0.000000000301 0.428694157775 0.00000000000007012048 0.14261168414946936989 13.154155108642 0.428694158076 0.571305841924
0.163123146549 10.000000000000 13.376753507014 23.376753507014 0.000000000296 0.427775396189 0.00000000000006922849 0.14444920732578780953 13.159715162968 0.427775396485 0.572224603515
0.165243275778 10.000000000000 13.426853707415 23.426853707415 0.000000000292 0.426860564293 0.00000000000006836257 0.14627887112165083305 13.165181600097 0.426860564585 0.573139435415
0.167354325780 10.000000000000 13.476953907816 23.476953907816 0.000000000288 0.425949636930 0.00000000000006752161 0.14810072585319239424 13.170557187038 0.425949637217 0.574050362783
0.169456354801 10.000000000000 13.527054108216 23.527054108216 0.000000000284 0.425042589154 0.00000000000006670455 0.14991482140795295286 13.175844571724 0.425042589438 0.574957410562
0.171549420590 10.000000000000 13.577154308617 23.577154308617 0.000000000280 0.424139396236 0.00000000000006591036 0.15172120724944304637 13.181046289737 0.424139396515 0.575860603485
0.173633580400 10.000000000000 13.627254509018 23.627254509018 0.000000000276 0.423240033651 0.00000000000006513812 0.15351993242164319042 13.186164770554 0.423240033927 0.576759966073
0.175708890992 10.000000000000 13.677354709419 23.677354709419 0.000000000272 0.422344477087 0.00000000000006438692 0.15531104555342159501 13.191202343380 0.422344477359 0.577655522641
0.177775408650 10.000000000000 13.727454909820 23.727454909820 0.000000000268 0.421452702434 0.00000000000006365591 0.15709459486293841923 13.196161242573 0.421452702703 0.578547297297
0.179833189173 10.000000000000 13.777555110220 23.777555110220 0.000000000265 0.420564685787 0.00000000000006294430 0.15887062816196328985 13.201043612712 0.420564686051 0.579435313949
0.181882287891 10.000000000000 13.827655310621 23.827655310621 0.000000000261 0.419680403439 0.00000000000006225131 0.16063919286014216592 13.205851513336 0.419680403701 0.580319596299
0.183922759665 10.000000000000 13.877755511022 23.877755511022 0.000000000258 0.418799831886 0.00000000000006157623 0.16240033596923270087 13.210586923362 0.418799832144 0.581200167856
0.185954658892 10.000000000000 13.927855711423 23.927855711423 0.000000000255 0.417922947819 0.00000000000006091837 0.16415410410724889934 13.215251745237 0.417922948074 0.582077051926
0.187978039511 10.000000000000 13.977955911824 23.977955911824 0.000000000251 0.417049728123 0.00000000000006027708 0.16590054350259614280 13.219847808808 0.417049728374 0.582950271626
0.189992955009 10.000000000000 14.028056112224 24.028056112224 0.000000000248 0.416180149877 0.00000000000005965174 0.16763969999811006995 13.224376874965 0.416180150125 0.583819849875
0.191999458425 10.000000000000 14.078156312625 24.078156312625 0.000000000245 0.415314190350 0.00000000000005904177 0.16937161905508849036 13.228840639050 0.415314190595 0.584685809405
0.193997602353 10.000000000000 14.128256513026 24.128256513026 0.000000000242 0.414451827000 0.00000000000005844660 0.17109634575724347316 13.233240734062 0.414451827243 0.585548172757
0.195987438950 10.000000000000 14.178356713427 24.178356713427 0.000000000239 0.413593037473 0.00000000000005786571 0.17281392481460747246 13.237578733667 0.413593037712 0.586406962288
0.197969019937 10.000000000000 14.228456913828 24.228456913828 0.000000000236 0.412737799598 0.00000000000005729858 0.17452440056740592400 13.241856155026 0.412737799835 0.587262200165
0.199942396607 10.000000000000 14.278557114228 24.278557114228 0.000000000234 0.411886091388 0.00000000000005674473 0.17622781698986739185 13.246074461464 0.411886091622 0.588113908378
0.201907619828 10.000000000000 14.328657314629 24.328657314629 0.000000000231 0.411037891038 0.00000000000005620370 0.17792421769400929010 13.250235064976 0.411037891269 0.588962108731
0.203864740045 10.000000000000 14.378757515030 24.378757515030 0.000000000228 0.410193176919 0.00000000000005567506 0.17961364593332157513 13.254339328592 0.410193177148 0.589806822852
0.205813807291 10.000000000000 14.428857715431 24.428857715431 0.000000000226 0.409351927584 0.00000000000005515837 0.18129614460649073893 13.258388568608 0.409351927810 0.590648072190
0.207754871183 10.000000000000 14.478957915832 24.478957915832 0.000000000223 0.408514121758 0.00000000000005465324 0.18297175626097988976 13.262384056689 0.408514121981 0.591485878019
0.209687980934 10.000000000000 14.529058116232 24.529058116232 0.000000000221 0.407679738341 0.00000000000005415929 0.18464052309666692531 13.266327021857 0.407679738562 0.592320261438
0.211613185349 10.000000000000 14.579158316633 24.579158316633 0.000000000218 0.406848756406 0.00000000000005367615 0.18630248696934947894 13.270218652373 0.406848756625 0.593151243375
0.213530532838 10.000000000000 14.629258517034 24.629258517034 0.000000000216 0.406021155195 0.00000000000005320346 0.18795768939426707456 13.274060097505 0.406021155411 0.593978844589
0.215440071415 10.000000000000 14.679358717435 24.679358717435 0.000000000214 0.405196914118 0.00000000000005274090 0.18960617154952780217 13.277852469217 0.405196914332 0.594803085668
0.217341848704 10.000000000000 14.729458917836 24.729458917836 0.000000000211 0.404376012755 0.00000000000005228814 0.19124797427956508056 13.281596843753 0.404376012966 0.595623987034
0.219235911937 10.000000000000 14.779559118236 24.779559118236 0.000000000209 0.403558430846 0.00000000000005184486 0.19288313809847890123 13.285294263150 0.403558431055 0.596441568945
0.221122307969 10.000000000000 14.829659318637 24.829659318637 0.000000000207 0.402744148300 0.00000000000005141079 0.19451170319338711989 13.288945736661 0.402744148507 0.597255851493
0.223001083272 10.000000000000 14.879759519038 24.879759519038 0.000000000205 0.401933145184 0.00000000000005098563 0.19613370942769453587 13.292552242114 0.401933145389 0.598066854611
0.224872283946 10.000000000000 14.929859719439 24.929859719439 0.000000000203 0.401125401726 0.00000000000005056911 0.19774919634437940208 13.296114727194 0.401125401929 0.598874598071
0.226735955714 10.000000000000 14.979959919840 24.979959919840 0.000000000201 0.400320898315 0.00000000000005016097 0.19935820316916749717 13.299634110667 0.400320898516 0.599679101484
0.228592143938 10.000000000000 15.030060120240 25.030060120240 0.000000000199 0.399519615494 0.00000000000004976096 0.20096076881374824730 13.303111283537 0.399519615693 0.600480384307
0.230440893610 10.000000000000 15.080160320641 25.080160320641 0.000000000197 0.398721533962 0.00000000000004936884 0.20255693187887774398 13.306547110147 0.398721534159 0.601278465841
0.232282249365 10.000000000000 15.130260521042 25.130260521042 0.000000000195 0.397926634574 0.00000000000004898437 0.20414673065749230907 13.309942429232 0.397926634769 0.602073365231
0.234116255483 10.000000000000 15.180360721443 25.180360721443 0.000000000193 0.397134898335 0.00000000000004860735 0.20573020313777420909 13.313298054909 0.397134898528 0.602865101472
0.235942955885 10.000000000000 15.230460921844 25.230460921844 0.000000000191 0.396346306401 0.00000000000004823755 0.20730738700617129533 13.316614777631 0.396346306593 0.603653693407
0.237762394147 10.000000000000 15.280561122244 25.280561122244 0.000000000189 0.395560840080 0.00000000000004787476 0.20887831965038072823 13.319893365089 0.395560840270 0.604439159730
0.239574613498 10.000000000000 15.330661322645 25.330661322645 0.000000000188 0.394778480825 0.00000000000004751880 0.21044303816232756699 13.323134563072 0.394778481013 0.605221518987
0.241379656823 10.000000000000 15.380761523046 25.380761523046 0.000000000186 0.393999210237 0.00000000000004716946 0.21200157934104860158 13.326339096290 0.393999210422 0.606000789578
0.243177566669 10.000000000000 15.430861723447 25.430861723447 0.000000000184 0.393223010060 0.00000000000004682657 0.21355397969560802052 13.329507669154 0.393223010244 0.606776989756
0.244968385246 10.000000000000 15.480961923848 25.480961923848 0.000000000182 0.392449862185 0.00000000000004648995 0.21510027544792970078 13.332640966526 0.392449862367 0.607550137633
0.246752154434 10.000000000000 15.531062124248 25.531062124248 0.000000000181 0.391679748642 0.00000000000004615942 0.21664050253563313375 13.335739654428 0.391679748823 0.608320251177
0.248528915778 10.000000000000 15.581162324649 25.581162324649 0.000000000179 0.390912651603 0.00000000000004583483 0.21817469661478347542 13.338804380726 0.390912651782 0.609087348218
0.250298710504 10.000000000000 15.631262525050 25.631262525050 0.000000000178 0.390148553380 0.00000000000004551601 0.21970289306269444318 13.341835775778 0.390148553557 0.609851446443
0.252061579508 10.000000000000 15.681362725451 25.681362725451 0.000000000176 0.389387436422 0.00000000000004520282 0.22122512698058671710 13.344834453054 0.389387436598 0.610612563402
0.253817563375 10.000000000000 15.731462925852 25.731462925852 0.000000000174 0.388629283315 0.00000000000004489510 0.22274143319632677684 13.347801009736 0.388629283489 0.611370716511
0.255566702363 10.000000000000 15.781563126253 25.781563126253 0.000000000173 0.387874076780 0.00000000000004459272 0.22425184626705976787 13.350736027280 0.387874076953 0.612125923047
0.257309036424 10.000000000000 15.831663326653 25.831663326653 0.000000000171 0.387121799673 0.00000000000004429553 0.22575640048184114628 13.353640071962 0.387121799845 0.612878200155
0.259044605197 10.000000000000 15.881763527054 25.881763527054 0.000000000170 0.386372434983 0.00000000000004400341 0.22725512986421420036 13.356513695399 0.386372435153 0.613627564847
0.260773448015 10.000000000000 15.931863727455 25.931863727455 0.000000000169 0.385625965828 0.00000000000004371622 0.22874806817480905496 13.359357435046 0.385625965997 0.614374034003
0.262495603903 10.000000000000 15.981963927856 25.981963927856 0.000000000167 0.384882375460 0.00000000000004343384 0.23023524891383914670 13.362171814675 0.384882375627 0.615117624373
0.264211111590 10.000000000000 16.032064128257 26.032064128257 0.000000000166 0.384141647255 0.00000000000004315615 0.23171670532363874973 13.364957344832 0.384141647421 0.615858352579
0.265920009500 10.000000000000 16.082164328657 26.082164328657 0.000000000164 0.383403764722 0.00000000000004288303 0.23319247039111870579 13.367714523272 0.383403764887 0.616596235113
0.267622335767 10.000000000000 16.132264529058 26.132264529058 0.000000000163 0.382668711493 0.00000000000004261438 0.23466257685023234059 13.370443835388 0.382668711656 0.617331288344
0.269318128227 10.000000000000 16.182364729459 26.182364729459 0.000000000162 0.381936471327 0.00000000000004235008 0.23612705718437321245 13.373145754603 0.381936471489 0.618063528511
0.271007424431 10.000000000000 16.232464929860 26.232464929860 0.000000000160 0.381207028105 0.00000000000004209003 0.23758594362879054129 13.375820742769 0.381207028266 0.618792971734
0.272690261639 10.000000000000 16.282565130261 26.282565130261 0.000000000159 0.380480365834 0.00000000000004183413 0.23903926817293816298 13.378469250530 0.380480365993 0.619519634007
0.274366676829 10.000000000000 16.332665330661 26.332665330661 0.000000000158 0.379756468640 0.00000000000004158228 0.24048706256282384452 13.381091717680 0.379756468798 0.620243531202
0.276036706694 10.000000000000 16.382765531062 26.382765531062 0.000000000157 0.379035320770 0.00000000000004133438 0.24192935830331538383 13.383688573511 0.379035320927 0.620964679073
0.277700387652 10.000000000000 16.432865731463 26.432865731463 0.000000000155 0.378316906592 0.00000000000004109034 0.24336618666042519887 13.386260237136 0.378316906748 0.621683093252
0.279357755840 10.000000000000 16.482965931864 26.482965931864 0.000000000154 0.377601210591 0.00000000000004085008 0.24479757866356283147 13.388807117811 0.377601210745 0.622398789255
0.281008847126 10.000000000000 16.533066132265 26.533066132265 0.000000000153 0.376888217370 0.00000000000004061350 0.24622356510779330740 13.391329615234 0.376888217523 0.623111782477
0.282653697101 10.000000000000 16.583166332665 26.583166332665 0.000000000152 0.376177911646 0.00000000000004038052 0.24764417655601708712 13.393828119844 0.376177911798 0.623822088202
0.284292341092 10.000000000000 16.633266533066 26.633266533066 0.000000000151 0.375470278254 0.00000000000004015106 0.24905944334116808525 13.396303013096 0.375470278405 0.624529721595
0.285924814160 10.000000000000 16.683366733467 26.683366733467 0.000000000150 0.374765302141 0.00000000000003992504 0.25046939556836406160 13.398754667737 0.374765302291 0.625234697709
0.287551151099 10.000000000000 16.733466933868 26.733466933868 0.000000000149 0.374062968367 0.00000000000003970238 0.25187406311706717066 13.401183448065 0.374062968516 0.625937031484
0.289171386441 10.000000000000 16.783567134269 26.783567134269 0.000000000147 0.373363262105 0.00000000000003948301 0.25327347564315444428 13.403589710181 0.373363262252 0.626636737748
0.290785554466 10.000000000000 16.833667334669 26.833667334669 0.000000000146 0.372666168636 0.00000000000003926686 0.25466766258102252474 13.405973802230 0.372666168783 0.627333831217
0.292393689193 10.000000000000 16.883767535070 26.883767535070 0.000000000145 0.371971673355 0.00000000000003905386 0.25605665314568171187 13.408336064634 0.371971673500 0.628028326500
0.293995824381 10.000000000000 16.933867735471 26.933867735471 0.000000000144 0.371279761761 0.00000000000003884393 0.25744047633473188252 13.410676830318 0.371279761905 0.628720238095
0.295591993554 10.000000000000 16.983967935872 26.983967935872 0.000000000143 0.370590419463 0.00000000000003863702 0.25881916093045098659 13.412996424927 0.370590419606 0.629409580394
0.297182229967 10.000000000000 17.034068136273 27.034068136273 0.000000000142 0.369903632178 0.00000000000003843305 0.26019273550173288578 13.415295167031 0.369903632320 0.630096367680
0.298766566645 10.000000000000 17.084168336673 27.084168336673 0.000000000141 0.369219385726 0.00000000000003823197 0.26156122840608769797 13.417573368333 0.369219385868 0.630780614132
0.300345036359 10.000000000000 17.134268537074 27.134268537074 0.000000000140 0.368537666034 0.00000000000003803371 0.26292466779161088875 13.419831333855 0.368537666174 0.631462333826
0.301917671636 10.000000000000 17.184368737475 27.184368737475 0.000000000139 0.367858459131 0.00000000000003783821 0.26428308159887070605 13.422069362135 0.367858459270 0.632141540730
0.303484504772 10.000000000000 17.234468937876 27.234468937876 0.000000000138 0.367181751149 0.00000000000003764543 0.26563649756284513082 13.424287745399 0.367181751288 0.632818248712
0.305045567817 10.000000000000 17.284569138277 27.284569138277 0.000000000137 0.366507528324 0.00000000000003745530 0.26698494321480359392 13.426486769742 0.366507528461 0.633492471539
0.306600892589 10.000000000000 17.334669338677 27.334669338677 0.000000000136 0.365835776990 0.00000000000003726776 0.26832844588417759102 13.428666715295 0.365835777126 0.634164222874
0.308150510670 10.000000000000 17.384769539078 27.384769539078 0.000000000135 0.365166483582 0.00000000000003708277 0.26966703270039876772 13.430827856385 0.365166483718 0.634833516282
0.309694453414 10.000000000000 17.434869739479 27.434869739479 0.000000000135 0.364499634635 0.00000000000003690027 0.27100073059472534753 13.432970461697 0.364499634770 0.635500365230
0.311232751944 10.000000000000 17.484969939880 27.484969939880 0.000000000134 0.363835216782 0.00000000000003672021 0.27232956630206650583 13.435094794424 0.363835216916 0.636164783084
0.312765437152 10.000000000000 17.535070140281 27.535070140281 0.000000000133 0.363173216752 0.00000000000003654255 0.27365356636273741042 13.437201112415 0.363173216885 0.636826783115
0.314292539713 10.000000000000 17.585170340681 27.585170340681 0.000000000132 0.362513621372 0.00000000000003636724 0.27497275712424479321 13.439289668315 0.362513621504 0.637486378496
0.315814090073 10.000000000000 17.635270541082 27.635270541082 0.000000000131 0.361856417563 0.00000000000003619423 0.27628716474304382267 13.441360709706 0.361856417694 0.638143582306
0.317330118457 10.000000000000 17.685370741483 27.685370741483 0.000000000130 0.361201592342 0.00000000000003602347 0.27759681518625128893 13.443414479236 0.361201592472 0.638798407528
0.318840654874 10.000000000000 17.735470941884 27.735470941884 0.000000000129 0.360549132819 0.00000000000003585492 0.27890173423335695713 13.445451214752 0.360549132948 0.639450867052
0.320345729113 10.000000000000 17.785571142285 27.785571142285 0.000000000128 0.359899026197 0.00000000000003568855 0.28020194747792098733 13.447471149422 0.359899026325 0.640100973675
0.321845370750 10.000000000000 17.835671342685 27.835671342685 0.000000000128 0.359251259772 0.00000000000003552430 0.28149748032924165608 13.449474511855 0.359251259899 0.640748740101
0.323339609148 10.000000000000 17.885771543086 27.885771543086 0.000000000127 0.358605820930 0.00000000000003536213 0.28278835801401785988 13.451461526220 0.358605821056 0.641394178944
0.324828473455 10.000000000000 17.935871743487 27.935871743487 0.000000000126 0.357962697148 0.00000000000003520202 0.28407460557798130951 13.453432412356 0.357962697274 0.642037302726
0.326311992614 10.000000000000 17.985971943888 27.985971943888 0.000000000125 0.357321875994 0.00000000000003504391 0.28535624788751989822 13.455387385886 0.357321876119 0.642678123881
0.327790195359 10.000000000000 18.036072144289 28.036072144289 0.000000000124 0.356683345122 0.00000000000003488778 0.28663330963126293360 13.457326658317 0.356683345247 0.643316654753
0.329263110220 10.000000000000 18.086172344689 28.086172344689 0.000000000124 0.356047092277 0.00000000000003473358 0.28790581532170506085 13.459250437148 0.356047092401 0.643952907599
0.330730765517 10.000000000000 18.136272545090 28.136272545090 0.000000000123 0.355413105290 0.00000000000003458128 0.28917378929673531740 13.461158925968 0.355413105413 0.644586894587
0.332193189376 10.000000000000 18.186372745491 28.186372745491 0.000000000122 0.354781372078 0.00000000000003443084 0.29043725572119605260 13.463052324550 0.354781372200 0.645218627800
0.333650409721 10.000000000000 18.236472945892 28.236472945892 0.000000000121 0.354151880645 0.00000000000003428224 0.29169623858844301312 13.464930828948 0.354151880767 0.645848119233
0.335102454272 10.000000000000 18.286573146293 28.286573146293 0.000000000121 0.353524619079 0.00000000000003413543 0.29295076172184175700 13.466794631585 0.353524619199 0.646475380801
0.336549350559 10.000000000000 18.336673346693 28.336673346693 0.000000000120 0.352899575552 0.00000000000003399038 0.29420084877628094322 13.468643921343 0.352899575672 0.647100424328
0.337991125911 10.000000000000 18.386773547094 28.386773547094 0.000000000119 0.352276738321 0.00000000000003384707 0.29544652323963732643 13.470478883648 0.352276738440 0.647723261560
0.339427807473 10.000000000000 18.436873747495 28.436873747495 0.000000000119 0.351656095724 0.00000000000003370546 0.29668780843427733362 13.472299700552 0.351656095842 0.648343904158
0.340859422189 10.000000000000 18.486973947896 28.486973947896 0.000000000118 0.351037636182 0.00000000000003356553 0.29792472751849757850 13.474106550812 0.351037636300 0.648962363700
0.342285996818 10.000000000000 18.537074148297 28.537074148297 0.000000000117 0.350421348197 0.00000000000003342723 0.29915730348795416260 13.475899609972 0.350421348315 0.649578651685
0.343707557932 10.000000000000 18.587174348697 28.587174348697 0.000000000116 0.349807220353 0.00000000000003329055 0.30038555917712361776 13.477679050435 0.349807220470 0.650192779530
0.345124131910 10.000000000000 18.637274549098 28.637274549098 0.000000000116 0.349195241312 0.00000000000003315545 0.30160951726066659306 13.479445041537 0.349195241428 0.650804758572
0.346535744955 10.000000000000 18.687374749499 28.687374749499 0.000000000115 0.348585399815 0.00000000000003302191 0.30282920025485648985 13.481197749620 0.348585399930 0.651414600070
0.347942423080 10.000000000000 18.737474949900 28.737474949900 0.000000000114 0.347977684683 0.00000000000003288991 0.30404463051894486947 13.482937338100 0.347977684798 0.652022315202
0.349344192121 10.000000000000 18.787575150301 28.787575150301 0.000000000114 0.347372084815 0.00000000000003275941 0.30525583025654101643 13.484663967536 0.347372084929 0.652627915071
0.350741077730 10.000000000000 18.837675350701 28.837675350701 0.000000000113 0.346768589185 0.00000000000003263039 0.30646282151693454709 13.486377795692 0.346768589298 0.653231410702
0.352133105386 10.000000000000 18.887775551102 28.887775551102 0.000000000113 0.346167186846 0.00000000000003250282 0.30766562619648724075 13.488078977602 0.346167186958 0.653832813042
0.353520300380 10.000000000000 18.937875751503 28.937875751503 0.000000000112 0.345567866924 0.00000000000003237668 0.30886426603989597384 13.489767665636 0.345567867036 0.654432132964
0.354902687843 10.000000000000 18.987975951904 28.987975951904 0.000000000111 0.344970618624 0.00000000000003225195 0.31005876264153969801 13.491444009576 0.344970618735 0.655029381265
0.356280287579 10.000000000000 19.038076152305 29.038076152305 0.000000000111 0.344375431221 0.00000000000003212860 0.31124913744676457883 13.493108156561 0.344375431332 0.655624568668
0.357653144996 10.000000000000 19.088176352705 29.088176352705 0.000000000110 0.343782294068 0.00000000000003200662 0.31243541175319572423 13.494760251381 0.343782294178 0.656217705822
0.359021253660 10.000000000000 19.138276553106 29.138276553106 0.000000000109 0.343191196589 0.00000000000003188596 0.31361760671193672501 13.496400436293 0.343191196699 0.656808803301
0.360384658768 10.000000000000 19.188376753507 29.188376753507 0.000000000109 0.342602128281 0.00000000000003176663 0.31479574332891230304 13.498028851193 0.342602128390 0.657397871610
0.361743379374 10.000000000000 19.238476953908 29.238476953908 0.000000000108 0.342015078713 0.00000000000003164859 0.31596984246605247515 13.499645633645 0.342015078821 0.657984921179
0.363097439589 10.000000000000 19.288577154309 29.288577154309 0.000000000108 0.341430037525 0.00000000000003153182 0.31713992484255265625 13.501250918935 0.341430037633 0.658569962367
0.364446863347 10.000000000000 19.338677354709 29.338677354709 0.000000000107 0.340846994428 0.00000000000003141631 0.31830601103607414348 13.502844840114 0.340846994536 0.659153005464
0.365791674423 10.000000000000 19.388777555110 29.388777555110 0.000000000107 0.340265939205 0.00000000000003130203 0.31946812148397102371 13.504427528054 0.340265939311 0.659734060689
0.367131895976 10.000000000000 19.438877755511 29.438877755511 0.000000000106 0.339686861705 0.00000000000003118896 0.32062627648446317963 13.505999111482 0.339686861811 0.660313138189
0.368467553261 10.000000000000 19.488977955912 29.488977955912 0.000000000105 0.339109751848 0.00000000000003107709 0.32178049619784049318 13.507559717046 0.339109751954 0.660890248046
0.369798666857 10.000000000000 19.539078156313 29.539078156313 0.000000000105 0.338534599624 0.00000000000003096639 0.32293080064760171233 13.509109469338 0.338534599729 0.661465400271
0.371125261712 10.000000000000 19.589178356713 29.589178356713 0.000000000104 0.337961395087 0.00000000000003085684 0.32407720972165121598 13.510648490952 0.337961395191 0.662038604809
0.372447360343 10.000000000000 19.639278557114 29.639278557114 0.000000000104 0.337390128361 0.00000000000003074844 0.32521974317341478811 13.512176902516 0.337390128465 0.662609871535
0.373764985572 10.000000000000 19.689378757515 29.689378757515 0.000000000103 0.336820789637 0.00000000000003064116 0.32635842062297970578 13.513694822740 0.336820789740 0.663179210260
0.375078160067 10.000000000000 19.739478957916 29.739478957916 0.000000000103 0.336253369170 0.00000000000003053498 0.32749326155822822138 13.515202368437 0.336253369272 0.663746630728
0.376386910833 10.000000000000 19.789579158317 29.789579158317 0.000000000102 0.335687857281 0.00000000000003042989 0.32862428533595328117 13.516699654630 0.335687857383 0.664312142617
0.377691246921 10.000000000000 19.839679358717 29.839679358717 0.000000000102 0.335124244358 0.00000000000003032587 0.32975151118292256314 13.518186794489 0.335124244459 0.664875755541
0.378991202834 10.000000000000 19.889779559118 29.889779559118 0.000000000101 0.334562520851 0.00000000000003022290 0.33087495819702272826 13.519663899424 0.334562520952 0.665437479048
0.380286798823 10.000000000000 19.939879759519 29.939879759519 0.000000000101 0.334002677276 0.00000000000003012097 0.33199464534829531415 13.521131079142 0.334002677376 0.665997322624
0.381578049892 10.000000000000 19.989979959920 29.989979959920 0.000000000100 0.333444704210 0.00000000000003002006 0.33311059148001848085 13.522588441585 0.333444704310 0.666555295690
0.382864996378 10.000000000000 20.040080160321 30.040080160321 0.000000000100 0.332888592295 0.00000000000002992016 0.33422281530977110409 13.524036093148 0.332888592395 0.667111407605
0.384147628481 10.000000000000 20.090180360721 30.090180360721 0.000000000099 0.332334332235 0.00000000000002982125 0.33533133543047138891 13.525474138483 0.332334332334 0.667665667666
0.385425999627 10.000000000000 20.140280561122 30.140280561122 0.000000000099 0.331781914795 0.00000000000002972332 0.33643617031141165308 13.526902680712 0.331781914894 0.668218085106
0.386700112675 10.000000000000 20.190380761523 30.190380761523 0.000000000098 0.331231330801 0.00000000000002962635 0.33753733829929055688 13.528321821372 0.331231330899 0.668768669101
0.387969994449 10.000000000000 20.240480961924 30.240480961924 0.000000000098 0.330682571142 0.00000000000002953033 0.33863485761921541251 13.529731660467 0.330682571239 0.669317428761
0.389235666918 10.000000000000 20.290581162325 30.290581162325 0.000000000097 0.330135626764 0.00000000000002943525 0.33972874637574074219 13.531132296526 0.330135626861 0.669864373139
0.390497142233 10.000000000000 20.340681362725 30.340681362725 0.000000000097 0.329590488675 0.00000000000002934109 0.34081902255380291944 13.532523826586 0.329590488771 0.670409511229
0.391754446954 10.000000000000 20.390781563126 30.390781563126 0.000000000096 0.329047147942 0.00000000000002924783 0.34190570401977776749 13.533906346201 0.329047148038 0.670952851962
0.393007612785 10.000000000000 20.440881763527 30.440881763527 0.000000000096 0.328505595691 0.00000000000002915547 0.34298880852240581918 13.535279949558 0.328505595787 0.671494404213
0.394256645217 10.000000000000 20.490981963928 30.490981963928 0.000000000095 0.327965823105 0.00000000000002906399 0.34406835369377031242 13.536644729441 0.327965823201 0.672034176799
0.395501569628 10.000000000000 20.541082164329 30.541082164329 0.000000000095 0.327427821427 0.00000000000002897338 0.34514435705027529666 13.538000777270 0.327427821522 0.672572178478
0.396742406246 10.000000000000 20.591182364729 30.591182364729 0.000000000094 0.326891581956 0.00000000000002888363 0.34621683599355851380 13.539348183127 0.326891582050 0.673108417950
0.397979175179 10.000000000000 20.641282565130 30.641282565130 0.000000000094 0.326357096047 0.00000000000002879473 0.34728580781146506373 13.540687035787 0.326357096141 0.673642903859
0.399211896389 10.000000000000 20.691382765531 30.691382765531 0.000000000094 0.325824355114 0.00000000000002870665 0.34835128967893497220 13.542017422735 0.325824355207 0.674175644793
0.400440589726 10.000000000000 20.741482965932 30.741482965932 0.000000000093 0.325293350624 0.00000000000002861940 0.34941329865896320062 13.543339430196 0.325293350717 0.674706649283
0.401665274890 10.000000000000 20.791583166333 30.791583166333 0.000000000093 0.324764074102 0.00000000000002853296 0.35047185170349698380 13.544653143156 0.324764074195 0.675235925805
0.402885971463 10.000000000000 20.841683366733 30.841683366733 0.000000000092 0.324236517127 0.00000000000002844732 0.35152696565431812425 13.545958645389 0.324236517219 0.675763482781
0.404102698904 10.000000000000 20.891783567134 30.891783567134 0.000000000092 0.323710671332 0.00000000000002836247 0.35257865724396392215 13.547256019464 0.323710671424 0.676289328576
0.405315479310 10.000000000000 20.941883767535 30.941883767535 0.000000000091 0.323186528406 0.00000000000002827839 0.35362694309660408498 13.548545346817 0.323186528497 0.676813471503
0.406524320766 10.000000000000 20.991983967936 30.991983967936 0.000000000091 0.322664080090 0.00000000000002819508 0.35467183972889670951 13.549826707658 0.322664080181 0.677335919819
0.407729267111 10.000000000000 21.042084168337 31.042084168337 0.000000000091 0.322143318179 0.00000000000002811252 0.35571336355088883918 13.551100181203 0.322143318270 0.677856681730
0.408930293875 10.000000000000 21.092184368737 31.092184368737 0.000000000090 0.321624234522 0.00000000000002803071 0.35675153086685129633 13.552365845399 0.321624234612 0.678375765388
0.410127472953 10.000000000000 21.142284569138 31.142284569138 0.000000000090 0.321106821017 0.00000000000002794964 0.35778635787613394248 13.553623777211 0.321106821107 0.678893178893
0.411320788640 10.000000000000 21.192384769539 31.192384769539 0.000000000089 0.320591069618 0.00000000000002786929 0.35881786067402232643 13.554874052541 0.320591069708 0.679408930292
0.412510257927 10.000000000000 21.242484969940 31.242484969940 0.000000000089 0.320076972329 0.00000000000002778966 0.35984605525254170777 13.556116746175 0.320076972418 0.679923027582
0.413695922816 10.000000000000 21.292585170341 31.292585170341 0.000000000089 0.319564521205 0.00000000000002771074 0.36087095750132403005 13.557351931923 0.319564521294 0.680435478706
0.414877782956 10.000000000000 21.342685370741 31.342685370741 0.000000000088 0.319053708352 0.00000000000002763251 0.36189258320839601257 13.558579682570 0.319053708440 0.680946291560
0.416055861717 10.000000000000 21.392785571142 31.392785571142 0.000000000088 0.318544525926 0.00000000000002755497 0.36291094806099000181 13.559800069911 0.318544526013 0.681455473987
0.417230177222 10.000000000000 21.442885771543 31.442885771543 0.000000000087 0.318036966133 0.00000000000002747811 0.36392606764637341898 13.561013164763 0.318036966221 0.681963033779
0.418400747469 10.000000000000 21.492985971944 31.492985971944 0.000000000087 0.317531021230 0.00000000000002740192 0.36493795745261042862 13.562219036972 0.317531021317 0.682468978683
0.419567595589 10.000000000000 21.543086172345 31.543086172345 0.000000000087 0.317026683522 0.00000000000002732639 0.36594663286937534341 13.563417755491 0.317026683609 0.682973316391
0.420730722592 10.000000000000 21.593186372745 31.593186372745 0.000000000086 0.316523945363 0.00000000000002725151 0.36695210918872611661 13.564609388306 0.316523945449 0.683476054551
0.421890160734 10.000000000000 21.643286573146 31.643286573146 0.000000000086 0.316022799154 0.00000000000002717728 0.36795440160586279088 13.565794002483 0.316022799240 0.683977200760
0.423045931986 10.000000000000 21.693386773547 31.693386773547 0.000000000086 0.315523237347 0.00000000000002710368 0.36895352521990876227 13.566971664230 0.315523237433 0.684476762567
0.424198042030 10.000000000000 21.743486973948 31.743486973948 0.000000000085 0.315025252440 0.00000000000002703072 0.36994949503467522423 13.568142438885 0.315025252525 0.684974747475
0.425346504905 10.000000000000 21.793587174349 31.793587174349 0.000000000085 0.314528836978 0.00000000000002695837 0.37094232595938642083 13.569306390842 0.314528837063 0.685471162937
0.426491368123 10.000000000000 21.843687374749 31.843687374749 0.000000000084 0.314033983553 0.00000000000002688663 0.37193203280944625577 13.570463583759 0.314033983638 0.685966016362
0.427632608319 10.000000000000 21.893787575150 31.893787575150 0.000000000084 0.313540684804 0.00000000000002681550 0.37291863030716110305 13.571614080420 0.313540684888 0.686459315112
0.428770257016 10.000000000000 21.943887775551 31.943887775551 0.000000000084 0.313048933417 0.00000000000002674497 0.37390213308249731217 13.572757942777 0.313048933501 0.686951066499
0.429904336462 10.000000000000 21.993987975952 31.993987975952 0.000000000083 0.312558722121 0.00000000000002667502 0.37488255567375616817 13.573895231951 0.312558722205 0.687441277795
0.431034873961 10.000000000000 22.044088176353 32.044088176353 0.000000000083 0.312070043694 0.00000000000002660566 0.37585991252833406140 13.575026008352 0.312070043777 0.687929956223
0.432161855377 10.000000000000 22.094188376754 32.094188376754 0.000000000083 0.311582890957 0.00000000000002653687 0.37683421800341315722 13.576150331597 0.311582891040 0.688417108960
0.433285303186 10.000000000000 22.144288577154 32.144288577154 0.000000000082 0.311097256776 0.00000000000002646865 0.37780548636665972628 13.577268260312 0.311097256858 0.688902743142
0.434405320409 10.000000000000 22.194388777555 32.194388777555 0.000000000082 0.310613134061 0.00000000000002640099 0.37877373179694090455 13.578379852773 0.310613134143 0.689386865857
0.435521769402 10.000000000000 22.244488977956 32.244488977956 0.000000000082 0.310130515767 0.00000000000002633388 0.37973896838499027195 13.579485166237 0.310130515848 0.689869484152
0.436634773535 10.000000000000 22.294589178357 32.294589178357 0.000000000081 0.309649394892 0.00000000000002626732 0.38070121013410768152 13.580584257217 0.309649394974 0.690350605026
0.437744357171 10.000000000000 22.344689378758 32.344689378758 0.000000000081 0.309169764479 0.00000000000002620130 0.38166047096083394186 13.581677181813 0.309169764560 0.690830235440
0.438850415907 10.000000000000 22.394789579158 32.394789579158 0.000000000081 0.308691617612 0.00000000000002613581 0.38261676469561356484 13.582763995127 0.308691617693 0.691308382307
0.439953082569 10.000000000000 22.444889779559 32.444889779559 0.000000000080 0.308214947418 0.00000000000002607085 0.38357010508346939259 13.583844751529 0.308214947498 0.691785052502
0.441052390148 10.000000000000 22.494989979960 32.494989979960 0.000000000080 0.307739747068 0.00000000000002600642 0.38452050578465046815 13.584919504843 0.307739747148 0.692260252852
0.442148299881 10.000000000000 22.545090180361 32.545090180361 0.000000000080 0.307266009773 0.00000000000002594249 0.38546798037530444203 13.585988308395 0.307266009852 0.692733990148
0.443240757054 10.000000000000 22.595190380762 32.595190380762 0.000000000079 0.306793728786 0.00000000000002587908 0.38641254234809790935 13.587051214493 0.306793728866 0.693206271134
0.444329924655 10.000000000000 22.645290581162 32.645290581162 0.000000000079 0.306322897404 0.00000000000002581616 0.38735420511287155243 13.588108275024 0.306322897483 0.693677102517
0.445415724794 10.000000000000 22.695390781563 32.695390781563 0.000000000079 0.305853508962 0.00000000000002575375 0.38829298199727502183 13.589159541184 0.305853509041 0.694146490959
0.446498194746 10.000000000000 22.745490981964 32.745490981964 0.000000000078 0.305385556837 0.00000000000002569182 0.38922888624739504504 13.590205063553 0.305385556916 0.694614443084
0.447577343884 10.000000000000 22.795591182365 32.795591182365 0.000000000078 0.304919034447 0.00000000000002563038 0.39016193102837765094 13.591244892034 0.304919034525 0.695080965475
0.448653214602 10.000000000000 22.845691382766 32.845691382766 0.000000000078 0.304453935249 0.00000000000002556942 0.39109212942503801536 13.592279076035 0.304453935326 0.695546064674
0.449725772517 10.000000000000 22.895791583166 32.895791583166 0.000000000078 0.303990252740 0.00000000000002550894 0.39201949444248301857 13.593307664261 0.303990252818 0.696009747182
0.450795077240 10.000000000000 22.945891783567 32.945891783567 0.000000000077 0.303527980458 0.00000000000002544892 0.39294403900670998864 13.594330704876 0.303527980535 0.696472019465
0.451861123865 10.000000000000 22.995991983968 32.995991983968 0.000000000077 0.303067111979 0.00000000000002538936 0.39386577596522026612 13.595348245451 0.303067112056 0.696932887944
0.452923933299 10.000000000000 23.046092184369 33.046092184369 0.000000000077 0.302607640918 0.00000000000002533026 0.39478471808759313388 13.596360333008 0.302607640995 0.697392359005
0.453983509860 10.000000000000 23.096192384770 33.096192384770 0.000000000076 0.302149560929 0.00000000000002527161 0.39570087806608994496 13.597367013967 0.302149561005 0.697850438995
0.455039886449 10.000000000000 23.146292585170 33.146292585170 0.000000000076 0.301692865704 0.00000000000002521341 0.39661426851623726719 13.598368334242 0.301692865780 0.698307134220
0.456093056885 10.000000000000 23.196392785571 33.196392785571 0.000000000076 0.301237548973 0.00000000000002515566 0.39752490197740464328 13.599364339162 0.301237549049 0.698762450951
0.457143054027 10.000000000000 23.246492985972 33.246492985972 0.000000000075 0.300783604506 0.00000000000002509834 0.39843279091336891717 13.600355073562 0.300783604581 0.699216395419
0.458189871988 10.000000000000 23.296593186373 33.296593186373 0.000000000075 0.300331026106 0.00000000000002504145 0.39933794771291175607 13.601340581668 0.300331026181 0.699668973819
0.459233564456 10.000000000000 23.346693386774 33.346693386774 0.000000000075 0.299879807617 0.00000000000002498498 0.40024038469033368370 13.602320907297 0.299879807692 0.700120192308
0.460274091926 10.000000000000 23.396793587174 33.396793587174 0.000000000075 0.299429942920 0.00000000000002492895 0.40114011408607147535 13.603296093682 0.299429942994 0.700570057006
0.461311503889 10.000000000000 23.446893787575 33.446893787575 0.000000000074 0.298981425929 0.00000000000002487332 0.40203714806720231012 13.604266183570 0.298981426004 0.701018573996
0.462345805621 10.000000000000 23.496993987976 33.496993987976 0.000000000074 0.298534250599 0.00000000000002481811 0.40293149872801947708 13.605231219210 0.298534250673 0.701465749327
0.463377011087 10.000000000000 23.547094188377 33.547094188377 0.000000000074 0.298088410918 0.00000000000002476331 0.40382317809056939018 13.606191242351 0.298088410992 0.701911589008
0.464405140444 10.000000000000 23.597194388778 33.597194388778 0.000000000074 0.297643900911 0.00000000000002470892 0.40471219810518355153 13.607146294295 0.297643900984 0.702356099016
0.465430189708 10.000000000000 23.647294589178 33.647294589178 0.000000000073 0.297200714638 0.00000000000002465492 0.40559857065102389306 13.608096415833 0.297200714711 0.702799285289
0.466452190990 10.000000000000 23.697394789579 33.697394789579 0.000000000073 0.296758846195 0.00000000000002460132 0.40648230753660669068 13.609041647327 0.296758846268 0.703241153732
0.467471138653 10.000000000000 23.747494989980 33.747494989980 0.000000000073 0.296318289713 0.00000000000002454810 0.40736342050031787432 13.609982028621 0.296318289786 0.703681710214
0.468487075315 10.000000000000 23.797595190381 33.797595190381 0.000000000072 0.295879039358 0.00000000000002449528 0.40824192121095231878 13.610917599145 0.295879039431 0.704120960569
0.469499993971 10.000000000000 23.847695390782 33.847695390782 0.000000000072 0.295441089330 0.00000000000002444284 0.40911782126821211181 13.611848397880 0.295441089402 0.704558910598
0.470509909695 10.000000000000 23.897795591182 33.897795591182 0.000000000072 0.295004433862 0.00000000000002439077 0.40999113220322386253 13.612774463362 0.295004433934 0.704995566066
0.471516837929 10.000000000000 23.947895791583 33.947895791583 0.000000000072 0.294569067225 0.00000000000002433908 0.41086186547904152144 13.613695833692 0.294569067296 0.705430932704
0.472520791909 10.000000000000 23.997995991984 33.997995991984 0.000000000071 0.294134983719 0.00000000000002428776 0.41173003249115158741 13.614612546544 0.294134983790 0.705865016210
0.473521784796 10.000000000000 24.048096192385 34.048096192385 0.000000000071 0.293702177680 0.00000000000002423680 0.41259564456797487297 13.615524639173 0.293702177752 0.706297822248
0.474519829666 10.000000000000 24.098196392786 34.098196392786 0.000000000071 0.293270643479 0.00000000000002418621 0.41345871297146569168 13.616432148414 0.293270643550 0.706729356450
0.475514939460 10.000000000000 24.148296593186 34.148296593186 0.000000000071 0.292840375516 0.00000000000002413598 0.41431924889699084380 13.617335110695 0.292840375587 0.707159624413
0.476507127383 10.000000000000 24.198396793587 34.198396793587 0.000000000070 0.292411368227 0.00000000000002408610 0.41517726347503081108 13.618233562042 0.292411368298 0.707588631702
0.477496405888 10.000000000000 24.248496993988 34.248496993988 0.000000000070 0.291983616080 0.00000000000002403657 0.41603276777050668400 13.619127538082 0.291983616150 0.708016383850
0.478482787989 10.000000000000 24.298597194389 34.298597194389 0.000000000070 0.291557113573 0.00000000000002398739 0.41688577278415273053 13.620017074050 0.291557113643 0.708442886357
0.479466286132 10.000000000000 24.348697394790 34.348697394790 0.000000000070 0.291131855240 0.00000000000002393855 0.41773628945145302449 13.620902204793 0.291131855309 0.708868144691
0.480446913542 10.000000000000 24.398797595190 34.398797595190 0.000000000069 0.290707835643 0.00000000000002389005 0.41858432864511951887 13.621782964781 0.290707835712 0.709292164288
0.481424682249 10.000000000000 24.448897795591 34.448897795591 0.000000000069 0.290285049378 0.00000000000002384189 0.41942990117440082098 13.622659388104 0.290285049447 0.709714950553
0.482399604852 10.000000000000 24.498997995992 34.498997995992 0.000000000069 0.289863491072 0.00000000000002379406 0.42027301778622061512 13.623531508486 0.289863491141 0.710136508859
0.483371693496 10.000000000000 24.549098196393 34.549098196393 0.000000000069 0.289443155384 0.00000000000002374656 0.42111368916372404758 13.624399359282 0.289443155452 0.710556844548
0.484340961341 10.000000000000 24.599198396794 34.599198396794 0.000000000068 0.289024037001 0.00000000000002369938 0.42195192593021602079 13.625262973491 0.289024037069 0.710975962931
0.485307419483 10.000000000000 24.649298597194 34.649298597194 0.000000000068 0.288606130643 0.00000000000002365253 0.42278773864542718020 13.626122383754 0.288606130711 0.711393869289
0.486271081347 10.000000000000 24.699398797595 34.699398797595 0.000000000068 0.288189431061 0.00000000000002360600 0.42362113780963139842 13.626977622363 0.288189431129 0.711810568871
0.487231958168 10.000000000000 24.749498997996 34.749498997996 0.000000000068 0.287773933035 0.00000000000002355978 0.42445213386244490250 13.627828721267 0.287773933103 0.712226066897
0.488190062059 10.000000000000 24.799599198397 34.799599198397 0.000000000068 0.287359631375 0.00000000000002351388 0.42528073718253245339 13.628675712070 0.287359631443 0.712640368557
0.489145405495 10.000000000000 24.849699398798 34.849699398798 0.000000000067 0.286946520922 0.00000000000002346829 0.42610695808921644767 13.629518626045 0.286946520989 0.713053479011
0.490098000189 10.000000000000 24.899799599198 34.899799599198 0.000000000067 0.286534596545 0.00000000000002342300 0.42693080684299222760 13.630357494132 0.286534596612 0.713465403388
0.491047857734 10.000000000000 24.949899799599 34.949899799599 0.000000000067 0.286123853144 0.00000000000002337802 0.42775229364484473882 13.631192346944 0.286123853211 0.713876146789
0.491994990315 10.000000000000 25.000000000000 35.000000000000 0.000000000067 0.285714285648 0.00000000000002333333 0.42857142863820790746 13.632023214773 0.285714285714 0.714285714286
0.492939409126 